%%MatrixMarket matrix coordinate real general
1 239 239                                         
1 1 2
1 2 1
1 3 3
1 4 1
1 5 2
1 6 1
1 7 1
1 8 4
1 9 2
1 10 1
1 11 3
1 12 2
1 13 1
1 14 1
1 15 5
1 16 1
1 17 1
1 18 9
1 19 9
1 20 1
1 21 1
1 22 2
1 23 1
1 24 1
1 25 1
1 26 1
1 27 1
1 28 1
1 29 1
1 30 10
1 31 1
1 32 1
1 33 2
1 34 1
1 35 1
1 36 1
1 37 1
1 38 2
1 39 9
1 40 1
1 41 1
1 42 3
1 43 1
1 44 1
1 45 1
1 46 1
1 47 3
1 48 10
1 49 2
1 50 1
1 51 2
1 52 1
1 53 2
1 54 4
1 55 1
1 56 1
1 57 1
1 58 1
1 59 1
1 60 1
1 61 1
1 62 1
1 63 1
1 64 1
1 65 1
1 66 1
1 67 1
1 68 1
1 69 1
1 70 1
1 71 1
1 72 1
1 73 1
1 74 6
1 75 1
1 76 1
1 77 1
1 78 1
1 79 6
1 80 5
1 81 2
1 82 2
1 83 1
1 84 1
1 85 1
1 86 1
1 87 1
1 88 1
1 89 1
1 90 1
1 91 2
1 92 1
1 93 1
1 94 1
1 95 1
1 96 1
1 97 2
1 98 2
1 99 1
1 100 1
1 101 1
1 102 1
1 103 6
1 104 1
1 105 1
1 106 1
1 107 1
1 108 1
1 109 3
1 110 8
1 111 1
1 112 3
1 113 1
1 114 1
1 115 1
1 116 1
1 117 1
1 118 5
1 119 2
1 120 1
1 121 1
1 122 1
1 123 7
1 124 4
1 125 3
1 126 1
1 127 1
1 128 1
1 129 1
1 130 1
1 131 2
1 132 1
1 133 8
1 134 1
1 135 2
1 136 1
1 137 3
1 138 1
1 139 1
1 140 1
1 141 1
1 142 1
1 143 1
1 144 1
1 145 1
1 146 1
1 147 1
1 148 1
1 149 1
1 150 1
1 151 3
1 152 2
1 153 1
1 154 1
1 155 1
1 156 1
1 157 4
1 158 6
1 159 1
1 160 1
1 161 2
1 162 1
1 163 1
1 164 4
1 165 3
1 166 2
1 167 1
1 168 3
1 169 1
1 170 3
1 171 1
1 172 4
1 173 1
1 174 1
1 175 6
1 176 1
1 177 1
1 178 3
1 179 1
1 180 1
1 181 1
1 182 1
1 183 15
1 184 1
1 185 1
1 186 1
1 187 1
1 188 1
1 189 6
1 190 2
1 191 2
1 192 5
1 193 1
1 194 1
1 195 5
1 196 1
1 197 3
1 198 2
1 199 1
1 200 1
1 201 1
1 202 1
1 203 2
1 204 1
1 205 1
1 206 1
1 207 1
1 208 3
1 209 1
1 210 1
1 211 2
1 212 7
1 213 1
1 214 2
1 215 1
1 216 4
1 217 1
1 218 2
1 219 1
1 220 2
1 221 1
1 222 2
1 223 3
1 224 1
1 225 1
1 226 3
1 227 10
1 228 2
1 229 1
1 230 2
1 231 1
1 232 6
1 233 3
1 234 1
1 235 8
1 236 1
1 237 12
1 238 2
1 239 1
