%%MatrixMarket matrix coordinate real general
1 133 133                                         
1 1 2
1 2 1
1 3 1
1 4 2
1 5 3
1 6 6
1 7 5
1 8 1
1 9 1
1 10 1
1 11 1
1 12 1
1 13 1
1 14 4
1 15 1
1 16 1
1 17 1
1 18 1
1 19 1
1 20 2
1 21 1
1 22 10
1 23 3
1 24 1
1 25 1
1 26 4
1 27 1
1 28 1
1 29 1
1 30 2
1 31 1
1 32 1
1 33 2
1 34 1
1 35 1
1 36 1
1 37 1
1 38 1
1 39 1
1 40 2
1 41 2
1 42 1
1 43 1
1 44 1
1 45 1
1 46 2
1 47 1
1 48 1
1 49 1
1 50 1
1 51 5
1 52 8
1 53 1
1 54 1
1 55 1
1 56 3
1 57 10
1 58 1
1 59 1
1 60 2
1 61 1
1 62 6
1 63 1
1 64 1
1 65 1
1 66 2
1 67 4
1 68 2
1 69 4
1 70 1
1 71 3
1 72 1
1 73 1
1 74 1
1 75 1
1 76 1
1 77 3
1 78 1
1 79 2
1 80 1
1 81 1
1 82 1
1 83 1
1 84 1
1 85 1
1 86 1
1 87 6
1 88 1
1 89 1
1 90 1
1 91 2
1 92 1
1 93 2
1 94 6
1 95 1
1 96 1
1 97 1
1 98 1
1 99 5
1 100 1
1 101 1
1 102 5
1 103 8
1 104 3
1 105 1
1 106 1
1 107 1
1 108 1
1 109 1
1 110 7
1 111 1
1 112 1
1 113 1
1 114 1
1 115 1
1 116 1
1 117 11
1 118 1
1 119 1
1 120 1
1 121 1
1 122 5
1 123 3
1 124 1
1 125 8
1 126 1
1 127 2
1 128 2
1 129 3
1 130 1
1 131 1
1 132 1
1 133 1
