%%MatrixMarket matrix coordinate real general
1 116 116                                         
1 1 1
1 2 2
1 3 1
1 4 1
1 5 12
1 6 1
1 7 1
1 8 6
1 9 1
1 10 3
1 11 3
1 12 1
1 13 1
1 14 3
1 15 1
1 16 2
1 17 1
1 18 1
1 19 26
1 20 1
1 21 1
1 22 1
1 23 1
1 24 2
1 25 1
1 26 1
1 27 2
1 28 2
1 29 1
1 30 3
1 31 1
1 32 2
1 33 2
1 34 1
1 35 1
1 36 1
1 37 2
1 38 1
1 39 1
1 40 1
1 41 1
1 42 1
1 43 1
1 44 1
1 45 1
1 46 1
1 47 6
1 48 1
1 49 1
1 50 1
1 51 1
1 52 2
1 53 1
1 54 3
1 55 1
1 56 1
1 57 1
1 58 1
1 59 9
1 60 2
1 61 3
1 62 1
1 63 1
1 64 4
1 65 1
1 66 1
1 67 1
1 68 1
1 69 1
1 70 1
1 71 2
1 72 1
1 73 1
1 74 1
1 75 3
1 76 1
1 77 1
1 78 1
1 79 2
1 80 1
1 81 1
1 82 1
1 83 3
1 84 18
1 85 1
1 86 2
1 87 1
1 88 2
1 89 1
1 90 1
1 91 1
1 92 2
1 93 1
1 94 1
1 95 1
1 96 1
1 97 1
1 98 1
1 99 1
1 100 1
1 101 1
1 102 1
1 103 1
1 104 1
1 105 1
1 106 7
1 107 4
1 108 10
1 109 1
1 110 1
1 111 1
1 112 3
1 113 1
1 114 15
1 115 1
1 116 1
