%%MatrixMarket matrix coordinate real general
1 211 211                                         
1 1 1
1 2 13
1 3 1
1 4 2
1 5 1
1 6 1
1 7 1
1 8 17
1 9 1
1 10 2
1 11 1
1 12 4
1 13 1
1 14 1
1 15 10
1 16 2
1 17 1
1 18 4
1 19 1
1 20 2
1 21 3
1 22 20
1 23 1
1 24 3
1 25 1
1 26 1
1 27 2
1 28 2
1 29 1
1 30 2
1 31 1
1 32 1
1 33 1
1 34 2
1 35 1
1 36 1
1 37 1
1 38 1
1 39 2
1 40 1
1 41 3
1 42 1
1 43 1
1 44 1
1 45 2
1 46 1
1 47 2
1 48 5
1 49 1
1 50 1
1 51 1
1 52 3
1 53 1
1 54 1
1 55 1
1 56 1
1 57 1
1 58 4
1 59 2
1 60 2
1 61 2
1 62 1
1 63 1
1 64 1
1 65 4
1 66 1
1 67 1
1 68 1
1 69 1
1 70 1
1 71 1
1 72 1
1 73 2
1 74 1
1 75 1
1 76 3
1 77 1
1 78 2
1 79 1
1 80 1
1 81 1
1 82 1
1 83 1
1 84 1
1 85 1
1 86 2
1 87 1
1 88 2
1 89 2
1 90 1
1 91 11
1 92 1
1 93 8
1 94 1
1 95 3
1 96 1
1 97 1
1 98 1
1 99 1
1 100 1
1 101 1
1 102 15
1 103 1
1 104 3
1 105 3
1 106 3
1 107 1
1 108 5
1 109 1
1 110 1
1 111 2
1 112 1
1 113 1
1 114 2
1 115 2
1 116 3
1 117 1
1 118 6
1 119 3
1 120 11
1 121 1
1 122 6
1 123 1
1 124 1
1 125 2
1 126 2
1 127 3
1 128 2
1 129 1
1 130 3
1 131 1
1 132 1
1 133 1
1 134 1
1 135 5
1 136 1
1 137 2
1 138 2
1 139 1
1 140 2
1 141 1
1 142 1
1 143 1
1 144 4
1 145 10
1 146 1
1 147 1
1 148 1
1 149 1
1 150 1
1 151 1
1 152 4
1 153 3
1 154 1
1 155 1
1 156 1
1 157 2
1 158 1
1 159 1
1 160 1
1 161 1
1 162 10
1 163 4
1 164 4
1 165 1
1 166 1
1 167 1
1 168 1
1 169 1
1 170 1
1 171 1
1 172 1
1 173 1
1 174 3
1 175 1
1 176 1
1 177 1
1 178 2
1 179 4
1 180 1
1 181 1
1 182 1
1 183 1
1 184 1
1 185 4
1 186 1
1 187 5
1 188 2
1 189 1
1 190 2
1 191 1
1 192 1
1 193 1
1 194 1
1 195 2
1 196 1
1 197 1
1 198 4
1 199 5
1 200 11
1 201 1
1 202 1
1 203 1
1 204 13
1 205 1
1 206 1
1 207 6
1 208 3
1 209 1
1 210 14
1 211 1
