%%MatrixMarket matrix coordinate real general
1 192 192                                         
1 1 1
1 2 2
1 3 9
1 4 1
1 5 1
1 6 1
1 7 3
1 8 5
1 9 10
1 10 1
1 11 1
1 12 2
1 13 1
1 14 1
1 15 4
1 16 2
1 17 1
1 18 1
1 19 2
1 20 1
1 21 1
1 22 1
1 23 1
1 24 1
1 25 4
1 26 9
1 27 3
1 28 1
1 29 1
1 30 11
1 31 1
1 32 9
1 33 3
1 34 1
1 35 1
1 36 1
1 37 1
1 38 1
1 39 1
1 40 1
1 41 1
1 42 7
1 43 5
1 44 1
1 45 1
1 46 1
1 47 1
1 48 1
1 49 1
1 50 1
1 51 1
1 52 1
1 53 3
1 54 2
1 55 2
1 56 3
1 57 1
1 58 1
1 59 1
1 60 1
1 61 2
1 62 3
1 63 1
1 64 1
1 65 1
1 66 1
1 67 2
1 68 3
1 69 1
1 70 2
1 71 1
1 72 1
1 73 1
1 74 2
1 75 1
1 76 1
1 77 1
1 78 1
1 79 1
1 80 3
1 81 5
1 82 1
1 83 2
1 84 3
1 85 1
1 86 1
1 87 1
1 88 4
1 89 1
1 90 2
1 91 1
1 92 1
1 93 1
1 94 3
1 95 1
1 96 1
1 97 10
1 98 1
1 99 1
1 100 1
1 101 1
1 102 1
1 103 1
1 104 1
1 105 1
1 106 5
1 107 1
1 108 1
1 109 1
1 110 1
1 111 1
1 112 4
1 113 8
1 114 1
1 115 3
1 116 1
1 117 1
1 118 1
1 119 1
1 120 2
1 121 1
1 122 1
1 123 1
1 124 1
1 125 1
1 126 1
1 127 1
1 128 2
1 129 1
1 130 1
1 131 1
1 132 1
1 133 2
1 134 1
1 135 1
1 136 1
1 137 1
1 138 1
1 139 2
1 140 1
1 141 1
1 142 3
1 143 3
1 144 1
1 145 9
1 146 1
1 147 4
1 148 1
1 149 1
1 150 1
1 151 1
1 152 1
1 153 2
1 154 2
1 155 9
1 156 1
1 157 1
1 158 9
1 159 1
1 160 1
1 161 1
1 162 1
1 163 1
1 164 1
1 165 1
1 166 4
1 167 1
1 168 1
1 169 3
1 170 3
1 171 3
1 172 1
1 173 1
1 174 1
1 175 1
1 176 1
1 177 3
1 178 1
1 179 1
1 180 1
1 181 1
1 182 4
1 183 2
1 184 2
1 185 30
1 186 1
1 187 1
1 188 1
1 189 2
1 190 1
1 191 2
1 192 1
