%%MatrixMarket matrix coordinate real general
1 158 158                                         
1 1 5
1 2 1
1 3 1
1 4 10
1 5 1
1 6 1
1 7 4
1 8 1
1 9 2
1 10 1
1 11 3
1 12 1
1 13 6
1 14 1
1 15 4
1 16 1
1 17 1
1 18 1
1 19 2
1 20 1
1 21 21
1 22 1
1 23 2
1 24 1
1 25 1
1 26 3
1 27 2
1 28 1
1 29 2
1 30 1
1 31 1
1 32 1
1 33 1
1 34 4
1 35 2
1 36 2
1 37 1
1 38 1
1 39 1
1 40 1
1 41 1
1 42 1
1 43 1
1 44 1
1 45 6
1 46 1
1 47 1
1 48 1
1 49 1
1 50 1
1 51 10
1 52 1
1 53 1
1 54 1
1 55 1
1 56 1
1 57 1
1 58 2
1 59 6
1 60 3
1 61 1
1 62 2
1 63 1
1 64 1
1 65 1
1 66 1
1 67 1
1 68 1
1 69 1
1 70 2
1 71 1
1 72 1
1 73 3
1 74 1
1 75 3
1 76 1
1 77 1
1 78 1
1 79 1
1 80 2
1 81 2
1 82 5
1 83 4
1 84 1
1 85 1
1 86 3
1 87 1
1 88 1
1 89 1
1 90 3
1 91 10
1 92 1
1 93 2
1 94 2
1 95 1
1 96 1
1 97 1
1 98 1
1 99 1
1 100 1
1 101 1
1 102 2
1 103 1
1 104 1
1 105 1
1 106 1
1 107 1
1 108 2
1 109 1
1 110 9
1 111 2
1 112 1
1 113 1
1 114 1
1 115 2
1 116 1
1 117 1
1 118 1
1 119 1
1 120 1
1 121 1
1 122 2
1 123 1
1 124 1
1 125 2
1 126 1
1 127 1
1 128 1
1 129 1
1 130 1
1 131 1
1 132 1
1 133 1
1 134 1
1 135 1
1 136 1
1 137 1
1 138 1
1 139 1
1 140 1
1 141 1
1 142 1
1 143 10
1 144 16
1 145 1
1 146 2
1 147 7
1 148 1
1 149 1
1 150 2
1 151 1
1 152 1
1 153 1
1 154 1
1 155 4
1 156 3
1 157 3
1 158 4
