%%MatrixMarket matrix coordinate real general
1 187 187                                         
1 1 1
1 2 1
1 3 7
1 4 1
1 5 1
1 6 3
1 7 1
1 8 1
1 9 1
1 10 1
1 11 7
1 12 4
1 13 1
1 14 4
1 15 6
1 16 1
1 17 3
1 18 1
1 19 4
1 20 3
1 21 4
1 22 3
1 23 1
1 24 1
1 25 6
1 26 1
1 27 2
1 28 1
1 29 4
1 30 1
1 31 1
1 32 2
1 33 1
1 34 1
1 35 9
1 36 2
1 37 1
1 38 1
1 39 1
1 40 1
1 41 3
1 42 2
1 43 1
1 44 1
1 45 2
1 46 40
1 47 1
1 48 1
1 49 6
1 50 2
1 51 1
1 52 1
1 53 1
1 54 1
1 55 1
1 56 1
1 57 6
1 58 1
1 59 3
1 60 1
1 61 1
1 62 2
1 63 2
1 64 3
1 65 1
1 66 17
1 67 1
1 68 1
1 69 1
1 70 1
1 71 1
1 72 1
1 73 1
1 74 1
1 75 1
1 76 1
1 77 1
1 78 1
1 79 2
1 80 1
1 81 2
1 82 3
1 83 1
1 84 1
1 85 1
1 86 2
1 87 1
1 88 3
1 89 1
1 90 4
1 91 1
1 92 1
1 93 2
1 94 1
1 95 3
1 96 6
1 97 3
1 98 1
1 99 1
1 100 3
1 101 1
1 102 1
1 103 1
1 104 3
1 105 4
1 106 1
1 107 1
1 108 1
1 109 2
1 110 4
1 111 1
1 112 1
1 113 1
1 114 1
1 115 1
1 116 2
1 117 1
1 118 1
1 119 1
1 120 3
1 121 1
1 122 1
1 123 1
1 124 2
1 125 1
1 126 1
1 127 1
1 128 1
1 129 1
1 130 1
1 131 1
1 132 3
1 133 1
1 134 1
1 135 1
1 136 1
1 137 1
1 138 1
1 139 1
1 140 2
1 141 1
1 142 4
1 143 1
1 144 19
1 145 1
1 146 1
1 147 1
1 148 3
1 149 1
1 150 2
1 151 1
1 152 1
1 153 2
1 154 10
1 155 2
1 156 1
1 157 1
1 158 1
1 159 1
1 160 1
1 161 1
1 162 1
1 163 1
1 164 5
1 165 1
1 166 2
1 167 1
1 168 1
1 169 1
1 170 1
1 171 1
1 172 1
1 173 4
1 174 1
1 175 5
1 176 8
1 177 2
1 178 1
1 179 1
1 180 2
1 181 1
1 182 3
1 183 1
1 184 1
1 185 2
1 186 3
1 187 1
