%%MatrixMarket matrix coordinate real general
1 86 86                                           
1 1 2
1 2 4
1 3 3
1 4 1
1 5 1
1 6 1
1 7 1
1 8 5
1 9 1
1 10 2
1 11 2
1 12 1
1 13 1
1 14 1
1 15 1
1 16 3
1 17 1
1 18 2
1 19 1
1 20 7
1 21 1
1 22 2
1 23 11
1 24 2
1 25 1
1 26 1
1 27 1
1 28 1
1 29 2
1 30 1
1 31 1
1 32 1
1 33 1
1 34 1
1 35 1
1 36 1
1 37 3
1 38 1
1 39 2
1 40 1
1 41 1
1 42 1
1 43 4
1 44 2
1 45 1
1 46 1
1 47 1
1 48 2
1 49 1
1 50 2
1 51 1
1 52 1
1 53 1
1 54 4
1 55 1
1 56 1
1 57 1
1 58 2
1 59 3
1 60 1
1 61 1
1 62 1
1 63 2
1 64 2
1 65 4
1 66 1
1 67 4
1 68 2
1 69 1
1 70 1
1 71 1
1 72 1
1 73 1
1 74 1
1 75 2
1 76 2
1 77 3
1 78 4
1 79 1
1 80 2
1 81 1
1 82 1
1 83 1
1 84 3
1 85 1
1 86 1
