%%MatrixMarket matrix coordinate real general
1 85 85                                           
1 1 6
1 2 7
1 3 1
1 4 1
1 5 3
1 6 2
1 7 1
1 8 2
1 9 1
1 10 1
1 11 1
1 12 3
1 13 1
1 14 3
1 15 1
1 16 1
1 17 1
1 18 1
1 19 2
1 20 1
1 21 5
1 22 2
1 23 1
1 24 1
1 25 1
1 26 1
1 27 1
1 28 1
1 29 1
1 30 1
1 31 3
1 32 1
1 33 1
1 34 1
1 35 1
1 36 1
1 37 1
1 38 2
1 39 1
1 40 1
1 41 6
1 42 1
1 43 1
1 44 1
1 45 2
1 46 1
1 47 1
1 48 1
1 49 2
1 50 2
1 51 1
1 52 1
1 53 1
1 54 1
1 55 1
1 56 1
1 57 6
1 58 1
1 59 1
1 60 1
1 61 1
1 62 1
1 63 6
1 64 1
1 65 3
1 66 1
1 67 1
1 68 1
1 69 1
1 70 1
1 71 1
1 72 10
1 73 2
1 74 1
1 75 1
1 76 2
1 77 1
1 78 1
1 79 1
1 80 1
1 81 1
1 82 6
1 83 1
1 84 1
1 85 1
