%%MatrixMarket matrix coordinate real general
1 187 187                                         
1 1 1
1 2 1
1 3 2
1 4 1
1 5 1
1 6 1
1 7 6
1 8 1
1 9 2
1 10 1
1 11 2
1 12 1
1 13 3
1 14 1
1 15 6
1 16 5
1 17 1
1 18 3
1 19 2
1 20 2
1 21 2
1 22 1
1 23 1
1 24 1
1 25 1
1 26 3
1 27 3
1 28 1
1 29 1
1 30 1
1 31 1
1 32 1
1 33 3
1 34 1
1 35 2
1 36 2
1 37 3
1 38 1
1 39 1
1 40 1
1 41 1
1 42 1
1 43 2
1 44 1
1 45 1
1 46 1
1 47 1
1 48 1
1 49 1
1 50 1
1 51 13
1 52 2
1 53 2
1 54 1
1 55 1
1 56 1
1 57 15
1 58 1
1 59 1
1 60 1
1 61 1
1 62 1
1 63 3
1 64 1
1 65 1
1 66 1
1 67 2
1 68 1
1 69 1
1 70 21
1 71 1
1 72 1
1 73 1
1 74 38
1 75 5
1 76 1
1 77 1
1 78 3
1 79 1
1 80 1
1 81 5
1 82 1
1 83 1
1 84 1
1 85 2
1 86 1
1 87 2
1 88 1
1 89 1
1 90 1
1 91 1
1 92 1
1 93 8
1 94 9
1 95 2
1 96 2
1 97 2
1 98 4
1 99 1
1 100 2
1 101 1
1 102 3
1 103 3
1 104 1
1 105 1
1 106 1
1 107 1
1 108 5
1 109 1
1 110 1
1 111 1
1 112 2
1 113 1
1 114 4
1 115 3
1 116 1
1 117 1
1 118 12
1 119 1
1 120 1
1 121 1
1 122 1
1 123 1
1 124 2
1 125 25
1 126 2
1 127 1
1 128 10
1 129 2
1 130 2
1 131 2
1 132 1
1 133 1
1 134 1
1 135 2
1 136 2
1 137 1
1 138 2
1 139 1
1 140 2
1 141 1
1 142 2
1 143 4
1 144 1
1 145 2
1 146 1
1 147 2
1 148 2
1 149 1
1 150 1
1 151 3
1 152 1
1 153 1
1 154 6
1 155 1
1 156 1
1 157 1
1 158 1
1 159 1
1 160 1
1 161 2
1 162 3
1 163 3
1 164 1
1 165 2
1 166 2
1 167 2
1 168 2
1 169 1
1 170 2
1 171 1
1 172 1
1 173 1
1 174 7
1 175 1
1 176 3
1 177 5
1 178 1
1 179 1
1 180 2
1 181 1
1 182 2
1 183 3
1 184 1
1 185 4
1 186 1
1 187 1
