%%MatrixMarket matrix coordinate real general
1 152 152                                         
1 1 1
1 2 3
1 3 1
1 4 1
1 5 1
1 6 5
1 7 7
1 8 1
1 9 4
1 10 1
1 11 6
1 12 1
1 13 7
1 14 1
1 15 2
1 16 1
1 17 1
1 18 1
1 19 4
1 20 1
1 21 1
1 22 1
1 23 2
1 24 1
1 25 1
1 26 1
1 27 1
1 28 1
1 29 1
1 30 1
1 31 1
1 32 2
1 33 1
1 34 2
1 35 1
1 36 2
1 37 3
1 38 1
1 39 1
1 40 1
1 41 5
1 42 2
1 43 1
1 44 1
1 45 2
1 46 1
1 47 1
1 48 1
1 49 1
1 50 3
1 51 2
1 52 1
1 53 5
1 54 1
1 55 1
1 56 1
1 57 2
1 58 2
1 59 1
1 60 1
1 61 1
1 62 1
1 63 1
1 64 1
1 65 2
1 66 1
1 67 1
1 68 1
1 69 3
1 70 1
1 71 1
1 72 1
1 73 1
1 74 1
1 75 2
1 76 1
1 77 2
1 78 1
1 79 4
1 80 1
1 81 1
1 82 1
1 83 1
1 84 1
1 85 1
1 86 1
1 87 1
1 88 1
1 89 3
1 90 6
1 91 1
1 92 3
1 93 1
1 94 4
1 95 1
1 96 2
1 97 1
1 98 1
1 99 1
1 100 1
1 101 1
1 102 1
1 103 1
1 104 1
1 105 1
1 106 2
1 107 1
1 108 3
1 109 2
1 110 1
1 111 1
1 112 1
1 113 1
1 114 1
1 115 3
1 116 1
1 117 1
1 118 1
1 119 1
1 120 11
1 121 1
1 122 2
1 123 1
1 124 1
1 125 1
1 126 1
1 127 1
1 128 2
1 129 10
1 130 1
1 131 1
1 132 5
1 133 1
1 134 3
1 135 3
1 136 1
1 137 1
1 138 3
1 139 2
1 140 3
1 141 6
1 142 1
1 143 1
1 144 2
1 145 1
1 146 1
1 147 6
1 148 1
1 149 1
1 150 1
1 151 6
1 152 1
