%%MatrixMarket matrix coordinate real general
1 328 328                                         
1 1 1
1 2 3
1 3 2
1 4 2
1 5 1
1 6 1
1 7 1
1 8 1
1 9 1
1 10 2
1 11 1
1 12 2
1 13 1
1 14 1
1 15 1
1 16 2
1 17 6
1 18 1
1 19 1
1 20 4
1 21 6
1 22 1
1 23 1
1 24 2
1 25 1
1 26 1
1 27 2
1 28 1
1 29 2
1 30 1
1 31 2
1 32 1
1 33 3
1 34 6
1 35 6
1 36 2
1 37 1
1 38 1
1 39 1
1 40 2
1 41 1
1 42 17
1 43 1
1 44 1
1 45 2
1 46 1
1 47 4
1 48 2
1 49 1
1 50 1
1 51 1
1 52 1
1 53 1
1 54 1
1 55 1
1 56 3
1 57 1
1 58 2
1 59 1
1 60 1
1 61 1
1 62 1
1 63 1
1 64 1
1 65 2
1 66 1
1 67 3
1 68 8
1 69 12
1 70 2
1 71 1
1 72 1
1 73 1
1 74 1
1 75 4
1 76 1
1 77 2
1 78 1
1 79 2
1 80 1
1 81 1
1 82 1
1 83 1
1 84 1
1 85 13
1 86 1
1 87 6
1 88 1
1 89 6
1 90 1
1 91 4
1 92 1
1 93 2
1 94 1
1 95 1
1 96 2
1 97 1
1 98 2
1 99 1
1 100 1
1 101 1
1 102 1
1 103 1
1 104 4
1 105 1
1 106 1
1 107 1
1 108 3
1 109 8
1 110 2
1 111 1
1 112 1
1 113 2
1 114 1
1 115 1
1 116 1
1 117 2
1 118 2
1 119 1
1 120 2
1 121 3
1 122 1
1 123 2
1 124 1
1 125 3
1 126 1
1 127 1
1 128 1
1 129 1
1 130 1
1 131 2
1 132 5
1 133 2
1 134 1
1 135 1
1 136 1
1 137 2
1 138 1
1 139 1
1 140 2
1 141 16
1 142 1
1 143 1
1 144 1
1 145 4
1 146 1
1 147 10
1 148 1
1 149 1
1 150 1
1 151 1
1 152 1
1 153 1
1 154 1
1 155 1
1 156 2
1 157 4
1 158 2
1 159 1
1 160 3
1 161 4
1 162 1
1 163 1
1 164 1
1 165 5
1 166 3
1 167 1
1 168 1
1 169 3
1 170 1
1 171 1
1 172 1
1 173 1
1 174 1
1 175 1
1 176 1
1 177 1
1 178 2
1 179 1
1 180 2
1 181 1
1 182 2
1 183 1
1 184 1
1 185 1
1 186 1
1 187 1
1 188 1
1 189 2
1 190 1
1 191 1
1 192 2
1 193 4
1 194 6
1 195 1
1 196 2
1 197 1
1 198 4
1 199 1
1 200 1
1 201 1
1 202 1
1 203 1
1 204 2
1 205 1
1 206 2
1 207 1
1 208 1
1 209 6
1 210 1
1 211 2
1 212 2
1 213 1
1 214 1
1 215 1
1 216 1
1 217 1
1 218 1
1 219 1
1 220 1
1 221 1
1 222 1
1 223 1
1 224 1
1 225 1
1 226 1
1 227 1
1 228 1
1 229 2
1 230 3
1 231 2
1 232 1
1 233 2
1 234 1
1 235 1
1 236 1
1 237 1
1 238 4
1 239 2
1 240 3
1 241 1
1 242 1
1 243 1
1 244 1
1 245 1
1 246 2
1 247 1
1 248 1
1 249 1
1 250 2
1 251 1
1 252 1
1 253 1
1 254 2
1 255 1
1 256 1
1 257 4
1 258 2
1 259 5
1 260 4
1 261 1
1 262 1
1 263 1
1 264 2
1 265 1
1 266 1
1 267 2
1 268 1
1 269 1
1 270 4
1 271 1
1 272 2
1 273 1
1 274 1
1 275 1
1 276 1
1 277 1
1 278 1
1 279 2
1 280 1
1 281 1
1 282 1
1 283 3
1 284 1
1 285 1
1 286 4
1 287 2
1 288 1
1 289 2
1 290 1
1 291 3
1 292 1
1 293 1
1 294 1
1 295 1
1 296 1
1 297 1
1 298 3
1 299 2
1 300 4
1 301 1
1 302 2
1 303 1
1 304 1
1 305 1
1 306 6
1 307 1
1 308 43
1 309 1
1 310 1
1 311 1
1 312 10
1 313 1
1 314 1
1 315 1
1 316 1
1 317 1
1 318 1
1 319 1
1 320 1
1 321 5
1 322 1
1 323 1
1 324 2
1 325 6
1 326 1
1 327 1
1 328 1
