%%MatrixMarket matrix coordinate real general
1 97 97                                           
1 1 1
1 2 1
1 3 4
1 4 1
1 5 2
1 6 1
1 7 1
1 8 4
1 9 1
1 10 2
1 11 2
1 12 1
1 13 1
1 14 2
1 15 1
1 16 1
1 17 1
1 18 3
1 19 3
1 20 1
1 21 18
1 22 1
1 23 1
1 24 5
1 25 1
1 26 2
1 27 1
1 28 1
1 29 1
1 30 1
1 31 1
1 32 3
1 33 1
1 34 1
1 35 8
1 36 1
1 37 2
1 38 1
1 39 1
1 40 1
1 41 1
1 42 1
1 43 1
1 44 3
1 45 1
1 46 1
1 47 2
1 48 1
1 49 1
1 50 1
1 51 2
1 52 2
1 53 2
1 54 2
1 55 1
1 56 1
1 57 1
1 58 1
1 59 2
1 60 1
1 61 1
1 62 3
1 63 1
1 64 2
1 65 2
1 66 1
1 67 2
1 68 1
1 69 1
1 70 1
1 71 1
1 72 2
1 73 1
1 74 1
1 75 1
1 76 1
1 77 1
1 78 1
1 79 1
1 80 1
1 81 2
1 82 2
1 83 2
1 84 1
1 85 1
1 86 1
1 87 2
1 88 2
1 89 2
1 90 1
1 91 2
1 92 1
1 93 1
1 94 5
1 95 1
1 96 2
1 97 1
