%%MatrixMarket matrix coordinate real general
1 87 87                                           
1 1 1
1 2 1
1 3 2
1 4 1
1 5 1
1 6 2
1 7 1
1 8 6
1 9 1
1 10 1
1 11 1
1 12 2
1 13 1
1 14 2
1 15 1
1 16 1
1 17 2
1 18 1
1 19 1
1 20 1
1 21 2
1 22 1
1 23 1
1 24 1
1 25 1
1 26 1
1 27 1
1 28 1
1 29 1
1 30 1
1 31 1
1 32 4
1 33 2
1 34 1
1 35 1
1 36 1
1 37 1
1 38 1
1 39 1
1 40 2
1 41 1
1 42 1
1 43 1
1 44 1
1 45 1
1 46 1
1 47 2
1 48 1
1 49 1
1 50 1
1 51 3
1 52 2
1 53 1
1 54 2
1 55 1
1 56 3
1 57 1
1 58 4
1 59 1
1 60 1
1 61 1
1 62 1
1 63 1
1 64 1
1 65 1
1 66 4
1 67 1
1 68 1
1 69 1
1 70 3
1 71 2
1 72 1
1 73 1
1 74 2
1 75 1
1 76 1
1 77 2
1 78 1
1 79 2
1 80 5
1 81 1
1 82 1
1 83 2
1 84 1
1 85 1
1 86 1
1 87 1
