%%MatrixMarket matrix coordinate real general
1 135 135                                         
1 1 2
1 2 1
1 3 1
1 4 1
1 5 3
1 6 1
1 7 15
1 8 2
1 9 2
1 10 14
1 11 2
1 12 1
1 13 5
1 14 1
1 15 3
1 16 1
1 17 2
1 18 1
1 19 3
1 20 1
1 21 1
1 22 2
1 23 3
1 24 1
1 25 2
1 26 2
1 27 2
1 28 2
1 29 1
1 30 1
1 31 1
1 32 4
1 33 4
1 34 1
1 35 1
1 36 8
1 37 3
1 38 2
1 39 1
1 40 2
1 41 1
1 42 1
1 43 11
1 44 1
1 45 37
1 46 2
1 47 1
1 48 1
1 49 3
1 50 1
1 51 1
1 52 3
1 53 1
1 54 1
1 55 1
1 56 1
1 57 1
1 58 1
1 59 3
1 60 1
1 61 5
1 62 1
1 63 1
1 64 2
1 65 4
1 66 1
1 67 1
1 68 3
1 69 2
1 70 1
1 71 1
1 72 1
1 73 8
1 74 1
1 75 1
1 76 1
1 77 2
1 78 1
1 79 7
1 80 1
1 81 1
1 82 1
1 83 6
1 84 1
1 85 4
1 86 1
1 87 3
1 88 1
1 89 2
1 90 1
1 91 1
1 92 1
1 93 1
1 94 1
1 95 3
1 96 5
1 97 3
1 98 1
1 99 1
1 100 1
1 101 2
1 102 1
1 103 1
1 104 1
1 105 1
1 106 2
1 107 1
1 108 1
1 109 1
1 110 1
1 111 1
1 112 1
1 113 1
1 114 1
1 115 3
1 116 1
1 117 1
1 118 2
1 119 9
1 120 1
1 121 1
1 122 2
1 123 1
1 124 1
1 125 2
1 126 1
1 127 6
1 128 2
1 129 1
1 130 8
1 131 3
1 132 5
1 133 1
1 134 1
1 135 1
