%%MatrixMarket matrix coordinate real general
1 150 150                                         
1 1 5
1 2 28
1 3 3
1 4 3
1 5 2
1 6 1
1 7 1
1 8 3
1 9 3
1 10 1
1 11 6
1 12 15
1 13 3
1 14 1
1 15 1
1 16 1
1 17 1
1 18 1
1 19 3
1 20 1
1 21 1
1 22 1
1 23 1
1 24 1
1 25 1
1 26 1
1 27 5
1 28 7
1 29 1
1 30 15
1 31 1
1 32 1
1 33 4
1 34 1
1 35 1
1 36 1
1 37 1
1 38 1
1 39 1
1 40 1
1 41 1
1 42 1
1 43 1
1 44 1
1 45 1
1 46 4
1 47 1
1 48 5
1 49 2
1 50 1
1 51 2
1 52 8
1 53 4
1 54 1
1 55 1
1 56 1
1 57 1
1 58 3
1 59 1
1 60 3
1 61 1
1 62 1
1 63 1
1 64 1
1 65 1
1 66 1
1 67 2
1 68 5
1 69 1
1 70 1
1 71 1
1 72 1
1 73 1
1 74 2
1 75 2
1 76 1
1 77 1
1 78 2
1 79 1
1 80 1
1 81 1
1 82 1
1 83 2
1 84 1
1 85 1
1 86 1
1 87 1
1 88 1
1 89 1
1 90 1
1 91 1
1 92 1
1 93 1
1 94 2
1 95 1
1 96 1
1 97 1
1 98 2
1 99 2
1 100 1
1 101 1
1 102 1
1 103 1
1 104 1
1 105 2
1 106 1
1 107 1
1 108 1
1 109 1
1 110 3
1 111 1
1 112 2
1 113 3
1 114 1
1 115 1
1 116 1
1 117 7
1 118 3
1 119 1
1 120 1
1 121 1
1 122 1
1 123 1
1 124 1
1 125 1
1 126 1
1 127 1
1 128 1
1 129 1
1 130 1
1 131 2
1 132 2
1 133 5
1 134 1
1 135 1
1 136 1
1 137 1
1 138 1
1 139 1
1 140 1
1 141 1
1 142 1
1 143 4
1 144 1
1 145 1
1 146 1
1 147 1
1 148 1
1 149 2
1 150 3
