%%MatrixMarket matrix coordinate real general
1 101 101                                         
1 1 12
1 2 1
1 3 1
1 4 14
1 5 1
1 6 1
1 7 4
1 8 1
1 9 2
1 10 1
1 11 6
1 12 1
1 13 1
1 14 1
1 15 1
1 16 1
1 17 1
1 18 2
1 19 1
1 20 1
1 21 2
1 22 1
1 23 1
1 24 1
1 25 1
1 26 1
1 27 1
1 28 1
1 29 1
1 30 1
1 31 2
1 32 6
1 33 2
1 34 1
1 35 1
1 36 1
1 37 1
1 38 1
1 39 5
1 40 2
1 41 1
1 42 1
1 43 2
1 44 1
1 45 1
1 46 2
1 47 1
1 48 1
1 49 1
1 50 1
1 51 1
1 52 1
1 53 1
1 54 1
1 55 1
1 56 4
1 57 4
1 58 1
1 59 12
1 60 1
1 61 1
1 62 1
1 63 2
1 64 4
1 65 1
1 66 1
1 67 2
1 68 3
1 69 1
1 70 1
1 71 1
1 72 2
1 73 1
1 74 1
1 75 2
1 76 4
1 77 1
1 78 1
1 79 1
1 80 1
1 81 1
1 82 1
1 83 1
1 84 1
1 85 3
1 86 2
1 87 1
1 88 1
1 89 3
1 90 1
1 91 1
1 92 7
1 93 3
1 94 1
1 95 1
1 96 5
1 97 3
1 98 2
1 99 1
1 100 1
1 101 1
