%%MatrixMarket matrix coordinate real general
1 124 124                                         
1 1 2
1 2 2
1 3 2
1 4 2
1 5 10
1 6 2
1 7 1
1 8 2
1 9 1
1 10 1
1 11 29
1 12 1
1 13 1
1 14 1
1 15 1
1 16 1
1 17 2
1 18 1
1 19 2
1 20 1
1 21 1
1 22 1
1 23 1
1 24 4
1 25 1
1 26 1
1 27 7
1 28 2
1 29 2
1 30 1
1 31 3
1 32 2
1 33 1
1 34 2
1 35 4
1 36 2
1 37 3
1 38 3
1 39 1
1 40 1
1 41 8
1 42 4
1 43 1
1 44 2
1 45 1
1 46 4
1 47 3
1 48 4
1 49 3
1 50 1
1 51 2
1 52 1
1 53 2
1 54 1
1 55 1
1 56 1
1 57 1
1 58 1
1 59 2
1 60 1
1 61 1
1 62 2
1 63 1
1 64 1
1 65 1
1 66 1
1 67 1
1 68 2
1 69 1
1 70 1
1 71 1
1 72 1
1 73 1
1 74 1
1 75 2
1 76 1
1 77 1
1 78 1
1 79 1
1 80 1
1 81 1
1 82 4
1 83 5
1 84 10
1 85 1
1 86 2
1 87 1
1 88 1
1 89 3
1 90 1
1 91 4
1 92 4
1 93 2
1 94 1
1 95 1
1 96 2
1 97 2
1 98 2
1 99 2
1 100 1
1 101 7
1 102 2
1 103 1
1 104 4
1 105 2
1 106 1
1 107 6
1 108 1
1 109 1
1 110 1
1 111 1
1 112 4
1 113 1
1 114 2
1 115 4
1 116 1
1 117 1
1 118 2
1 119 2
1 120 5
1 121 3
1 122 1
1 123 1
1 124 1
