%%MatrixMarket matrix coordinate real general
1 173 173                                         
1 1 1
1 2 2
1 3 1
1 4 1
1 5 3
1 6 1
1 7 1
1 8 4
1 9 16
1 10 1
1 11 1
1 12 1
1 13 1
1 14 1
1 15 1
1 16 1
1 17 3
1 18 1
1 19 2
1 20 1
1 21 1
1 22 1
1 23 1
1 24 1
1 25 1
1 26 2
1 27 1
1 28 1
1 29 1
1 30 1
1 31 2
1 32 1
1 33 1
1 34 1
1 35 2
1 36 1
1 37 1
1 38 9
1 39 1
1 40 1
1 41 1
1 42 1
1 43 1
1 44 1
1 45 1
1 46 1
1 47 1
1 48 3
1 49 1
1 50 4
1 51 1
1 52 1
1 53 1
1 54 2
1 55 1
1 56 1
1 57 1
1 58 1
1 59 1
1 60 1
1 61 2
1 62 1
1 63 2
1 64 1
1 65 1
1 66 1
1 67 1
1 68 1
1 69 1
1 70 1
1 71 1
1 72 1
1 73 4
1 74 6
1 75 2
1 76 1
1 77 1
1 78 1
1 79 1
1 80 1
1 81 2
1 82 2
1 83 1
1 84 1
1 85 3
1 86 8
1 87 1
1 88 1
1 89 3
1 90 1
1 91 3
1 92 1
1 93 1
1 94 1
1 95 1
1 96 1
1 97 1
1 98 17
1 99 1
1 100 1
1 101 1
1 102 1
1 103 1
1 104 4
1 105 3
1 106 1
1 107 2
1 108 1
1 109 1
1 110 1
1 111 2
1 112 1
1 113 1
1 114 1
1 115 4
1 116 5
1 117 1
1 118 1
1 119 5
1 120 1
1 121 2
1 122 1
1 123 1
1 124 1
1 125 1
1 126 1
1 127 2
1 128 1
1 129 1
1 130 1
1 131 1
1 132 2
1 133 10
1 134 1
1 135 1
1 136 1
1 137 15
1 138 1
1 139 1
1 140 15
1 141 1
1 142 1
1 143 2
1 144 1
1 145 2
1 146 7
1 147 1
1 148 1
1 149 5
1 150 1
1 151 1
1 152 1
1 153 3
1 154 1
1 155 2
1 156 1
1 157 1
1 158 1
1 159 4
1 160 1
1 161 2
1 162 1
1 163 1
1 164 3
1 165 1
1 166 1
1 167 1
1 168 2
1 169 2
1 170 1
1 171 1
1 172 1
1 173 1
