%%MatrixMarket matrix coordinate real general
1 157 157                                         
1 1 2
1 2 1
1 3 3
1 4 3
1 5 2
1 6 3
1 7 6
1 8 1
1 9 1
1 10 4
1 11 9
1 12 2
1 13 2
1 14 1
1 15 1
1 16 1
1 17 1
1 18 1
1 19 1
1 20 3
1 21 1
1 22 1
1 23 1
1 24 1
1 25 1
1 26 2
1 27 1
1 28 1
1 29 2
1 30 1
1 31 1
1 32 1
1 33 1
1 34 1
1 35 1
1 36 1
1 37 2
1 38 2
1 39 2
1 40 1
1 41 1
1 42 1
1 43 1
1 44 1
1 45 2
1 46 1
1 47 3
1 48 1
1 49 1
1 50 1
1 51 1
1 52 1
1 53 9
1 54 2
1 55 28
1 56 4
1 57 1
1 58 2
1 59 1
1 60 1
1 61 1
1 62 1
1 63 1
1 64 3
1 65 1
1 66 2
1 67 1
1 68 1
1 69 1
1 70 1
1 71 1
1 72 4
1 73 2
1 74 2
1 75 1
1 76 2
1 77 1
1 78 1
1 79 3
1 80 3
1 81 1
1 82 3
1 83 1
1 84 1
1 85 1
1 86 1
1 87 3
1 88 4
1 89 4
1 90 1
1 91 1
1 92 1
1 93 1
1 94 1
1 95 1
1 96 1
1 97 4
1 98 2
1 99 1
1 100 1
1 101 1
1 102 4
1 103 1
1 104 1
1 105 1
1 106 1
1 107 1
1 108 1
1 109 1
1 110 2
1 111 4
1 112 1
1 113 2
1 114 1
1 115 1
1 116 1
1 117 1
1 118 2
1 119 1
1 120 1
1 121 23
1 122 2
1 123 1
1 124 1
1 125 1
1 126 1
1 127 1
1 128 2
1 129 1
1 130 2
1 131 1
1 132 1
1 133 1
1 134 1
1 135 1
1 136 6
1 137 1
1 138 1
1 139 1
1 140 1
1 141 1
1 142 1
1 143 2
1 144 3
1 145 2
1 146 13
1 147 1
1 148 1
1 149 2
1 150 4
1 151 1
1 152 2
1 153 1
1 154 1
1 155 1
1 156 18
1 157 1
