%%MatrixMarket matrix coordinate real general
1 103 103                                         
1 1 1
1 2 1
1 3 2
1 4 1
1 5 3
1 6 1
1 7 1
1 8 1
1 9 1
1 10 1
1 11 1
1 12 1
1 13 1
1 14 1
1 15 1
1 16 1
1 17 2
1 18 1
1 19 1
1 20 1
1 21 1
1 22 1
1 23 1
1 24 1
1 25 1
1 26 1
1 27 1
1 28 1
1 29 1
1 30 1
1 31 1
1 32 1
1 33 2
1 34 2
1 35 1
1 36 1
1 37 1
1 38 1
1 39 1
1 40 2
1 41 1
1 42 1
1 43 1
1 44 2
1 45 1
1 46 2
1 47 3
1 48 2
1 49 3
1 50 1
1 51 1
1 52 1
1 53 5
1 54 1
1 55 7
1 56 1
1 57 2
1 58 1
1 59 1
1 60 1
1 61 1
1 62 1
1 63 3
1 64 1
1 65 1
1 66 1
1 67 1
1 68 2
1 69 3
1 70 1
1 71 2
1 72 1
1 73 6
1 74 1
1 75 4
1 76 1
1 77 1
1 78 1
1 79 3
1 80 1
1 81 6
1 82 1
1 83 3
1 84 1
1 85 1
1 86 1
1 87 1
1 88 2
1 89 1
1 90 1
1 91 4
1 92 3
1 93 1
1 94 1
1 95 4
1 96 3
1 97 3
1 98 1
1 99 1
1 100 1
1 101 13
1 102 1
1 103 1
