%%MatrixMarket matrix coordinate real general
1 83 83                                           
1 1 2
1 2 1
1 3 2
1 4 5
1 5 1
1 6 2
1 7 1
1 8 5
1 9 1
1 10 1
1 11 9
1 12 2
1 13 2
1 14 3
1 15 1
1 16 3
1 17 1
1 18 1
1 19 1
1 20 1
1 21 1
1 22 1
1 23 1
1 24 1
1 25 1
1 26 3
1 27 1
1 28 1
1 29 1
1 30 1
1 31 1
1 32 1
1 33 1
1 34 2
1 35 2
1 36 1
1 37 1
1 38 1
1 39 5
1 40 1
1 41 4
1 42 4
1 43 1
1 44 1
1 45 2
1 46 1
1 47 1
1 48 1
1 49 1
1 50 1
1 51 1
1 52 1
1 53 1
1 54 2
1 55 1
1 56 1
1 57 1
1 58 1
1 59 1
1 60 1
1 61 1
1 62 1
1 63 1
1 64 2
1 65 1
1 66 1
1 67 2
1 68 1
1 69 1
1 70 1
1 71 1
1 72 1
1 73 1
1 74 5
1 75 2
1 76 1
1 77 1
1 78 2
1 79 12
1 80 1
1 81 1
1 82 1
1 83 1
