%%MatrixMarket matrix coordinate real general
1 190 190                                         
1 1 1
1 2 1
1 3 4
1 4 1
1 5 1
1 6 3
1 7 2
1 8 1
1 9 1
1 10 1
1 11 1
1 12 1
1 13 2
1 14 7
1 15 7
1 16 3
1 17 1
1 18 1
1 19 1
1 20 1
1 21 2
1 22 2
1 23 6
1 24 1
1 25 1
1 26 1
1 27 1
1 28 3
1 29 2
1 30 3
1 31 1
1 32 6
1 33 1
1 34 1
1 35 2
1 36 2
1 37 2
1 38 2
1 39 1
1 40 1
1 41 2
1 42 1
1 43 1
1 44 1
1 45 1
1 46 1
1 47 1
1 48 1
1 49 1
1 50 1
1 51 1
1 52 1
1 53 1
1 54 1
1 55 1
1 56 1
1 57 1
1 58 8
1 59 1
1 60 1
1 61 2
1 62 1
1 63 1
1 64 1
1 65 4
1 66 1
1 67 1
1 68 10
1 69 1
1 70 1
1 71 1
1 72 4
1 73 2
1 74 2
1 75 1
1 76 1
1 77 1
1 78 1
1 79 1
1 80 1
1 81 1
1 82 1
1 83 1
1 84 1
1 85 1
1 86 1
1 87 2
1 88 2
1 89 3
1 90 1
1 91 1
1 92 1
1 93 4
1 94 1
1 95 1
1 96 1
1 97 1
1 98 1
1 99 3
1 100 2
1 101 1
1 102 1
1 103 1
1 104 1
1 105 10
1 106 1
1 107 3
1 108 1
1 109 1
1 110 1
1 111 2
1 112 1
1 113 1
1 114 1
1 115 1
1 116 4
1 117 1
1 118 1
1 119 1
1 120 1
1 121 8
1 122 6
1 123 1
1 124 1
1 125 1
1 126 1
1 127 1
1 128 2
1 129 1
1 130 1
1 131 8
1 132 5
1 133 1
1 134 1
1 135 1
1 136 1
1 137 1
1 138 1
1 139 2
1 140 2
1 141 5
1 142 1
1 143 5
1 144 7
1 145 2
1 146 1
1 147 3
1 148 1
1 149 1
1 150 1
1 151 2
1 152 1
1 153 3
1 154 1
1 155 3
1 156 1
1 157 1
1 158 1
1 159 2
1 160 1
1 161 1
1 162 9
1 163 3
1 164 3
1 165 1
1 166 5
1 167 2
1 168 2
1 169 1
1 170 1
1 171 1
1 172 3
1 173 1
1 174 7
1 175 6
1 176 1
1 177 1
1 178 1
1 179 4
1 180 6
1 181 2
1 182 1
1 183 1
1 184 2
1 185 4
1 186 1
1 187 23
1 188 1
1 189 2
1 190 2
