%%MatrixMarket matrix coordinate real general
1 66 66                                           
1 1 1
1 2 2
1 3 2
1 4 3
1 5 2
1 6 1
1 7 1
1 8 4
1 9 1
1 10 2
1 11 1
1 12 2
1 13 2
1 14 1
1 15 1
1 16 2
1 17 1
1 18 1
1 19 3
1 20 1
1 21 1
1 22 1
1 23 2
1 24 3
1 25 3
1 26 1
1 27 1
1 28 2
1 29 1
1 30 1
1 31 1
1 32 1
1 33 2
1 34 1
1 35 1
1 36 1
1 37 1
1 38 1
1 39 1
1 40 1
1 41 2
1 42 1
1 43 2
1 44 3
1 45 2
1 46 4
1 47 1
1 48 2
1 49 3
1 50 1
1 51 1
1 52 1
1 53 1
1 54 3
1 55 1
1 56 1
1 57 1
1 58 1
1 59 1
1 60 3
1 61 1
1 62 1
1 63 3
1 64 2
1 65 2
1 66 3
