%%MatrixMarket matrix coordinate real general
1 202 202                                         
1 1 1
1 2 1
1 3 2
1 4 1
1 5 1
1 6 1
1 7 2
1 8 1
1 9 1
1 10 2
1 11 1
1 12 5
1 13 10
1 14 1
1 15 1
1 16 1
1 17 1
1 18 3
1 19 1
1 20 1
1 21 13
1 22 1
1 23 1
1 24 1
1 25 1
1 26 1
1 27 1
1 28 2
1 29 1
1 30 1
1 31 2
1 32 1
1 33 1
1 34 1
1 35 1
1 36 1
1 37 2
1 38 7
1 39 9
1 40 1
1 41 1
1 42 1
1 43 1
1 44 1
1 45 1
1 46 1
1 47 1
1 48 1
1 49 1
1 50 1
1 51 1
1 52 1
1 53 1
1 54 10
1 55 2
1 56 1
1 57 1
1 58 1
1 59 1
1 60 1
1 61 3
1 62 2
1 63 2
1 64 1
1 65 1
1 66 3
1 67 2
1 68 1
1 69 1
1 70 2
1 71 1
1 72 2
1 73 2
1 74 2
1 75 1
1 76 1
1 77 1
1 78 2
1 79 1
1 80 1
1 81 1
1 82 1
1 83 1
1 84 1
1 85 1
1 86 1
1 87 6
1 88 1
1 89 1
1 90 2
1 91 1
1 92 1
1 93 3
1 94 1
1 95 1
1 96 1
1 97 1
1 98 2
1 99 4
1 100 3
1 101 1
1 102 2
1 103 2
1 104 4
1 105 1
1 106 1
1 107 1
1 108 1
1 109 1
1 110 1
1 111 2
1 112 1
1 113 1
1 114 2
1 115 1
1 116 1
1 117 1
1 118 1
1 119 1
1 120 1
1 121 1
1 122 1
1 123 2
1 124 1
1 125 4
1 126 1
1 127 1
1 128 1
1 129 1
1 130 1
1 131 1
1 132 1
1 133 2
1 134 1
1 135 1
1 136 1
1 137 2
1 138 10
1 139 1
1 140 1
1 141 1
1 142 1
1 143 1
1 144 1
1 145 1
1 146 1
1 147 1
1 148 1
1 149 2
1 150 1
1 151 1
1 152 1
1 153 2
1 154 1
1 155 3
1 156 1
1 157 7
1 158 1
1 159 2
1 160 1
1 161 1
1 162 1
1 163 1
1 164 7
1 165 1
1 166 1
1 167 1
1 168 1
1 169 5
1 170 1
1 171 2
1 172 2
1 173 1
1 174 2
1 175 1
1 176 1
1 177 1
1 178 1
1 179 1
1 180 1
1 181 1
1 182 1
1 183 3
1 184 1
1 185 2
1 186 1
1 187 1
1 188 2
1 189 23
1 190 2
1 191 1
1 192 1
1 193 7
1 194 1
1 195 1
1 196 1
1 197 3
1 198 2
1 199 1
1 200 1
1 201 1
1 202 1
