%%MatrixMarket matrix coordinate real general
1 190 190                                         
1 1 1
1 2 1
1 3 5
1 4 1
1 5 1
1 6 1
1 7 1
1 8 1
1 9 2
1 10 1
1 11 1
1 12 3
1 13 1
1 14 1
1 15 2
1 16 8
1 17 1
1 18 1
1 19 1
1 20 1
1 21 1
1 22 3
1 23 1
1 24 1
1 25 7
1 26 1
1 27 1
1 28 1
1 29 2
1 30 1
1 31 2
1 32 1
1 33 1
1 34 1
1 35 1
1 36 1
1 37 1
1 38 1
1 39 1
1 40 7
1 41 6
1 42 1
1 43 1
1 44 1
1 45 1
1 46 1
1 47 1
1 48 1
1 49 2
1 50 2
1 51 1
1 52 1
1 53 5
1 54 3
1 55 1
1 56 3
1 57 1
1 58 1
1 59 1
1 60 1
1 61 3
1 62 2
1 63 3
1 64 2
1 65 1
1 66 1
1 67 3
1 68 1
1 69 1
1 70 1
1 71 1
1 72 1
1 73 1
1 74 1
1 75 1
1 76 1
1 77 1
1 78 2
1 79 1
1 80 1
1 81 2
1 82 1
1 83 1
1 84 1
1 85 1
1 86 1
1 87 1
1 88 5
1 89 1
1 90 1
1 91 1
1 92 1
1 93 1
1 94 1
1 95 1
1 96 1
1 97 2
1 98 1
1 99 1
1 100 1
1 101 2
1 102 1
1 103 2
1 104 1
1 105 1
1 106 4
1 107 1
1 108 1
1 109 1
1 110 1
1 111 1
1 112 1
1 113 1
1 114 1
1 115 1
1 116 8
1 117 1
1 118 1
1 119 1
1 120 1
1 121 1
1 122 1
1 123 2
1 124 1
1 125 3
1 126 5
1 127 1
1 128 1
1 129 1
1 130 1
1 131 1
1 132 1
1 133 1
1 134 5
1 135 3
1 136 1
1 137 6
1 138 2
1 139 1
1 140 1
1 141 2
1 142 1
1 143 1
1 144 1
1 145 1
1 146 1
1 147 1
1 148 1
1 149 1
1 150 5
1 151 1
1 152 1
1 153 1
1 154 1
1 155 11
1 156 1
1 157 1
1 158 1
1 159 1
1 160 1
1 161 3
1 162 5
1 163 2
1 164 1
1 165 1
1 166 2
1 167 2
1 168 1
1 169 3
1 170 2
1 171 3
1 172 1
1 173 1
1 174 1
1 175 4
1 176 1
1 177 2
1 178 1
1 179 2
1 180 3
1 181 1
1 182 2
1 183 2
1 184 1
1 185 1
1 186 1
1 187 1
1 188 1
1 189 1
1 190 1
