%%MatrixMarket matrix coordinate real general
1 126 126                                         
1 1 1
1 2 1
1 3 12
1 4 1
1 5 1
1 6 8
1 7 1
1 8 1
1 9 1
1 10 2
1 11 1
1 12 3
1 13 1
1 14 1
1 15 1
1 16 1
1 17 1
1 18 1
1 19 4
1 20 1
1 21 1
1 22 1
1 23 2
1 24 2
1 25 1
1 26 1
1 27 7
1 28 1
1 29 2
1 30 1
1 31 1
1 32 1
1 33 1
1 34 1
1 35 1
1 36 1
1 37 1
1 38 1
1 39 1
1 40 1
1 41 1
1 42 3
1 43 1
1 44 1
1 45 2
1 46 1
1 47 1
1 48 1
1 49 1
1 50 12
1 51 1
1 52 1
1 53 2
1 54 1
1 55 1
1 56 1
1 57 1
1 58 2
1 59 1
1 60 1
1 61 1
1 62 1
1 63 1
1 64 1
1 65 1
1 66 1
1 67 1
1 68 1
1 69 1
1 70 1
1 71 1
1 72 1
1 73 3
1 74 1
1 75 1
1 76 1
1 77 2
1 78 5
1 79 1
1 80 2
1 81 2
1 82 1
1 83 2
1 84 2
1 85 1
1 86 1
1 87 1
1 88 1
1 89 4
1 90 1
1 91 11
1 92 1
1 93 1
1 94 1
1 95 4
1 96 11
1 97 1
1 98 2
1 99 2
1 100 1
1 101 1
1 102 1
1 103 1
1 104 1
1 105 1
1 106 1
1 107 1
1 108 1
1 109 1
1 110 7
1 111 1
1 112 9
1 113 1
1 114 1
1 115 1
1 116 1
1 117 1
1 118 1
1 119 1
1 120 2
1 121 1
1 122 2
1 123 2
1 124 1
1 125 2
1 126 1
