%%MatrixMarket matrix coordinate real general
1 87 87                                           
1 1 4
1 2 4
1 3 1
1 4 1
1 5 1
1 6 3
1 7 2
1 8 1
1 9 2
1 10 2
1 11 2
1 12 3
1 13 1
1 14 1
1 15 1
1 16 1
1 17 1
1 18 1
1 19 1
1 20 1
1 21 2
1 22 1
1 23 1
1 24 2
1 25 1
1 26 2
1 27 1
1 28 1
1 29 2
1 30 1
1 31 2
1 32 3
1 33 2
1 34 1
1 35 1
1 36 2
1 37 1
1 38 1
1 39 2
1 40 2
1 41 1
1 42 1
1 43 1
1 44 1
1 45 1
1 46 1
1 47 4
1 48 1
1 49 1
1 50 3
1 51 4
1 52 2
1 53 1
1 54 1
1 55 1
1 56 1
1 57 1
1 58 1
1 59 1
1 60 1
1 61 1
1 62 1
1 63 2
1 64 1
1 65 1
1 66 1
1 67 1
1 68 2
1 69 1
1 70 1
1 71 3
1 72 1
1 73 2
1 74 1
1 75 1
1 76 1
1 77 1
1 78 6
1 79 2
1 80 1
1 81 1
1 82 1
1 83 1
1 84 1
1 85 1
1 86 1
1 87 1
