%%MatrixMarket matrix coordinate real general
1 245 245                                         
1 1 1
1 2 2
1 3 1
1 4 1
1 5 1
1 6 2
1 7 1
1 8 2
1 9 1
1 10 2
1 11 1
1 12 7
1 13 1
1 14 1
1 15 4
1 16 2
1 17 1
1 18 1
1 19 1
1 20 1
1 21 1
1 22 1
1 23 1
1 24 1
1 25 1
1 26 1
1 27 1
1 28 1
1 29 2
1 30 1
1 31 1
1 32 1
1 33 1
1 34 3
1 35 1
1 36 1
1 37 1
1 38 1
1 39 1
1 40 3
1 41 1
1 42 1
1 43 2
1 44 1
1 45 1
1 46 2
1 47 1
1 48 1
1 49 1
1 50 1
1 51 1
1 52 1
1 53 1
1 54 1
1 55 2
1 56 1
1 57 1
1 58 1
1 59 1
1 60 1
1 61 1
1 62 6
1 63 1
1 64 1
1 65 1
1 66 1
1 67 2
1 68 1
1 69 2
1 70 1
1 71 1
1 72 1
1 73 1
1 74 2
1 75 1
1 76 1
1 77 2
1 78 9
1 79 3
1 80 1
1 81 1
1 82 1
1 83 1
1 84 1
1 85 3
1 86 1
1 87 1
1 88 1
1 89 1
1 90 2
1 91 1
1 92 1
1 93 2
1 94 1
1 95 2
1 96 3
1 97 1
1 98 1
1 99 3
1 100 1
1 101 14
1 102 1
1 103 1
1 104 1
1 105 1
1 106 1
1 107 1
1 108 1
1 109 1
1 110 6
1 111 1
1 112 3
1 113 2
1 114 1
1 115 1
1 116 3
1 117 1
1 118 2
1 119 2
1 120 1
1 121 1
1 122 1
1 123 2
1 124 1
1 125 1
1 126 1
1 127 1
1 128 3
1 129 2
1 130 4
1 131 1
1 132 1
1 133 9
1 134 4
1 135 2
1 136 2
1 137 2
1 138 1
1 139 1
1 140 2
1 141 1
1 142 1
1 143 4
1 144 1
1 145 1
1 146 1
1 147 1
1 148 1
1 149 5
1 150 1
1 151 1
1 152 1
1 153 1
1 154 6
1 155 1
1 156 2
1 157 1
1 158 1
1 159 1
1 160 1
1 161 1
1 162 5
1 163 1
1 164 1
1 165 1
1 166 1
1 167 8
1 168 1
1 169 1
1 170 1
1 171 1
1 172 1
1 173 1
1 174 1
1 175 1
1 176 4
1 177 1
1 178 4
1 179 1
1 180 1
1 181 2
1 182 1
1 183 2
1 184 1
1 185 2
1 186 2
1 187 2
1 188 4
1 189 1
1 190 2
1 191 1
1 192 3
1 193 2
1 194 1
1 195 3
1 196 1
1 197 1
1 198 1
1 199 3
1 200 1
1 201 1
1 202 1
1 203 1
1 204 1
1 205 1
1 206 1
1 207 1
1 208 1
1 209 1
1 210 1
1 211 1
1 212 9
1 213 1
1 214 4
1 215 1
1 216 3
1 217 1
1 218 1
1 219 1
1 220 5
1 221 1
1 222 1
1 223 5
1 224 1
1 225 1
1 226 1
1 227 2
1 228 5
1 229 1
1 230 2
1 231 2
1 232 2
1 233 1
1 234 1
1 235 1
1 236 1
1 237 1
1 238 1
1 239 1
1 240 6
1 241 1
1 242 7
1 243 1
1 244 4
1 245 1
