%%MatrixMarket matrix coordinate real general
1 173 173                                         
1 1 4
1 2 2
1 3 1
1 4 14
1 5 1
1 6 1
1 7 2
1 8 1
1 9 4
1 10 1
1 11 2
1 12 1
1 13 6
1 14 1
1 15 1
1 16 1
1 17 1
1 18 1
1 19 1
1 20 2
1 21 1
1 22 4
1 23 1
1 24 2
1 25 1
1 26 2
1 27 1
1 28 1
1 29 1
1 30 1
1 31 5
1 32 1
1 33 1
1 34 1
1 35 1
1 36 1
1 37 2
1 38 1
1 39 1
1 40 2
1 41 1
1 42 2
1 43 3
1 44 1
1 45 1
1 46 1
1 47 1
1 48 1
1 49 1
1 50 1
1 51 1
1 52 1
1 53 1
1 54 1
1 55 1
1 56 1
1 57 2
1 58 1
1 59 1
1 60 6
1 61 5
1 62 1
1 63 1
1 64 1
1 65 1
1 66 2
1 67 3
1 68 1
1 69 4
1 70 1
1 71 2
1 72 3
1 73 2
1 74 1
1 75 2
1 76 2
1 77 1
1 78 1
1 79 1
1 80 1
1 81 1
1 82 1
1 83 1
1 84 1
1 85 1
1 86 1
1 87 1
1 88 1
1 89 1
1 90 1
1 91 1
1 92 1
1 93 1
1 94 1
1 95 1
1 96 1
1 97 3
1 98 1
1 99 1
1 100 6
1 101 2
1 102 1
1 103 1
1 104 1
1 105 1
1 106 2
1 107 2
1 108 1
1 109 1
1 110 1
1 111 2
1 112 1
1 113 1
1 114 1
1 115 1
1 116 1
1 117 1
1 118 1
1 119 1
1 120 1
1 121 1
1 122 2
1 123 5
1 124 9
1 125 1
1 126 7
1 127 1
1 128 1
1 129 1
1 130 1
1 131 1
1 132 1
1 133 1
1 134 1
1 135 1
1 136 3
1 137 1
1 138 1
1 139 2
1 140 2
1 141 1
1 142 1
1 143 1
1 144 1
1 145 1
1 146 1
1 147 1
1 148 2
1 149 1
1 150 1
1 151 2
1 152 4
1 153 1
1 154 19
1 155 1
1 156 1
1 157 1
1 158 1
1 159 1
1 160 2
1 161 2
1 162 1
1 163 1
1 164 4
1 165 1
1 166 1
1 167 1
1 168 1
1 169 1
1 170 1
1 171 1
1 172 2
1 173 1
