%%MatrixMarket matrix coordinate real general
1 124 124                                         
1 1 1
1 2 2
1 3 2
1 4 6
1 5 1
1 6 2
1 7 1
1 8 4
1 9 2
1 10 1
1 11 7
1 12 1
1 13 1
1 14 1
1 15 1
1 16 1
1 17 1
1 18 1
1 19 1
1 20 1
1 21 1
1 22 1
1 23 1
1 24 1
1 25 2
1 26 2
1 27 1
1 28 2
1 29 1
1 30 1
1 31 1
1 32 2
1 33 1
1 34 1
1 35 1
1 36 1
1 37 2
1 38 1
1 39 1
1 40 1
1 41 1
1 42 1
1 43 2
1 44 2
1 45 1
1 46 1
1 47 1
1 48 2
1 49 2
1 50 1
1 51 1
1 52 1
1 53 1
1 54 2
1 55 12
1 56 1
1 57 1
1 58 1
1 59 1
1 60 1
1 61 1
1 62 1
1 63 1
1 64 2
1 65 5
1 66 1
1 67 1
1 68 1
1 69 1
1 70 1
1 71 1
1 72 1
1 73 1
1 74 1
1 75 1
1 76 1
1 77 1
1 78 1
1 79 1
1 80 1
1 81 1
1 82 1
1 83 1
1 84 1
1 85 1
1 86 1
1 87 1
1 88 4
1 89 1
1 90 1
1 91 3
1 92 2
1 93 1
1 94 2
1 95 1
1 96 17
1 97 1
1 98 1
1 99 1
1 100 1
1 101 1
1 102 3
1 103 1
1 104 1
1 105 2
1 106 1
1 107 1
1 108 1
1 109 1
1 110 1
1 111 1
1 112 1
1 113 11
1 114 1
1 115 1
1 116 1
1 117 2
1 118 1
1 119 1
1 120 1
1 121 1
1 122 1
1 123 2
1 124 1
