%%MatrixMarket matrix coordinate real general
1 74 74                                           
1 1 2
1 2 1
1 3 1
1 4 7
1 5 4
1 6 3
1 7 1
1 8 1
1 9 2
1 10 1
1 11 9
1 12 2
1 13 1
1 14 1
1 15 1
1 16 1
1 17 1
1 18 1
1 19 1
1 20 1
1 21 1
1 22 1
1 23 1
1 24 2
1 25 1
1 26 1
1 27 2
1 28 3
1 29 4
1 30 1
1 31 1
1 32 1
1 33 1
1 34 1
1 35 1
1 36 1
1 37 1
1 38 2
1 39 1
1 40 1
1 41 1
1 42 1
1 43 1
1 44 1
1 45 2
1 46 1
1 47 1
1 48 1
1 49 1
1 50 2
1 51 1
1 52 1
1 53 1
1 54 8
1 55 1
1 56 2
1 57 1
1 58 1
1 59 1
1 60 1
1 61 1
1 62 1
1 63 2
1 64 1
1 65 1
1 66 1
1 67 4
1 68 1
1 69 1
1 70 1
1 71 1
1 72 2
1 73 1
1 74 1
