%%MatrixMarket matrix coordinate real general
1 170 170                                         
1 1 2
1 2 1
1 3 1
1 4 1
1 5 1
1 6 1
1 7 2
1 8 1
1 9 1
1 10 6
1 11 7
1 12 1
1 13 1
1 14 5
1 15 1
1 16 1
1 17 2
1 18 2
1 19 1
1 20 1
1 21 1
1 22 1
1 23 1
1 24 1
1 25 1
1 26 1
1 27 1
1 28 4
1 29 1
1 30 6
1 31 1
1 32 3
1 33 1
1 34 2
1 35 1
1 36 1
1 37 2
1 38 1
1 39 2
1 40 1
1 41 1
1 42 1
1 43 1
1 44 1
1 45 1
1 46 1
1 47 2
1 48 1
1 49 1
1 50 1
1 51 1
1 52 1
1 53 1
1 54 1
1 55 1
1 56 1
1 57 1
1 58 2
1 59 1
1 60 1
1 61 1
1 62 1
1 63 2
1 64 1
1 65 1
1 66 1
1 67 1
1 68 2
1 69 1
1 70 1
1 71 3
1 72 1
1 73 1
1 74 1
1 75 3
1 76 4
1 77 1
1 78 6
1 79 1
1 80 1
1 81 1
1 82 1
1 83 1
1 84 2
1 85 2
1 86 1
1 87 1
1 88 1
1 89 1
1 90 1
1 91 4
1 92 1
1 93 1
1 94 1
1 95 2
1 96 3
1 97 2
1 98 1
1 99 2
1 100 1
1 101 1
1 102 1
1 103 1
1 104 2
1 105 1
1 106 1
1 107 1
1 108 1
1 109 1
1 110 1
1 111 2
1 112 1
1 113 1
1 114 1
1 115 1
1 116 4
1 117 3
1 118 1
1 119 1
1 120 1
1 121 1
1 122 2
1 123 1
1 124 2
1 125 1
1 126 1
1 127 1
1 128 1
1 129 2
1 130 1
1 131 1
1 132 2
1 133 1
1 134 5
1 135 2
1 136 1
1 137 4
1 138 1
1 139 1
1 140 1
1 141 1
1 142 1
1 143 1
1 144 1
1 145 1
1 146 1
1 147 1
1 148 2
1 149 3
1 150 1
1 151 1
1 152 6
1 153 1
1 154 3
1 155 1
1 156 2
1 157 1
1 158 1
1 159 1
1 160 1
1 161 1
1 162 5
1 163 2
1 164 1
1 165 1
1 166 2
1 167 2
1 168 3
1 169 2
1 170 1
