%%MatrixMarket matrix coordinate real general
1 172 172                                         
1 1 1
1 2 2
1 3 1
1 4 1
1 5 1
1 6 1
1 7 3
1 8 1
1 9 1
1 10 17
1 11 1
1 12 1
1 13 1
1 14 6
1 15 4
1 16 1
1 17 1
1 18 1
1 19 1
1 20 1
1 21 2
1 22 4
1 23 1
1 24 1
1 25 1
1 26 1
1 27 1
1 28 1
1 29 6
1 30 3
1 31 1
1 32 1
1 33 1
1 34 1
1 35 2
1 36 1
1 37 1
1 38 1
1 39 1
1 40 2
1 41 1
1 42 2
1 43 1
1 44 1
1 45 1
1 46 1
1 47 1
1 48 1
1 49 1
1 50 1
1 51 2
1 52 1
1 53 10
1 54 1
1 55 1
1 56 1
1 57 1
1 58 1
1 59 2
1 60 1
1 61 1
1 62 1
1 63 1
1 64 3
1 65 1
1 66 1
1 67 2
1 68 1
1 69 1
1 70 1
1 71 1
1 72 1
1 73 1
1 74 1
1 75 1
1 76 1
1 77 1
1 78 1
1 79 2
1 80 1
1 81 2
1 82 1
1 83 1
1 84 1
1 85 1
1 86 1
1 87 1
1 88 1
1 89 1
1 90 2
1 91 1
1 92 1
1 93 1
1 94 3
1 95 2
1 96 3
1 97 2
1 98 1
1 99 1
1 100 1
1 101 2
1 102 1
1 103 1
1 104 1
1 105 4
1 106 1
1 107 1
1 108 1
1 109 2
1 110 8
1 111 1
1 112 1
1 113 1
1 114 1
1 115 1
1 116 1
1 117 1
1 118 1
1 119 3
1 120 2
1 121 3
1 122 4
1 123 1
1 124 2
1 125 1
1 126 1
1 127 5
1 128 1
1 129 1
1 130 2
1 131 1
1 132 2
1 133 1
1 134 2
1 135 2
1 136 1
1 137 1
1 138 1
1 139 1
1 140 1
1 141 2
1 142 1
1 143 1
1 144 1
1 145 2
1 146 1
1 147 3
1 148 1
1 149 1
1 150 1
1 151 1
1 152 1
1 153 1
1 154 1
1 155 2
1 156 1
1 157 1
1 158 4
1 159 1
1 160 2
1 161 1
1 162 1
1 163 2
1 164 1
1 165 4
1 166 1
1 167 1
1 168 1
1 169 1
1 170 1
1 171 1
1 172 1
