%%MatrixMarket matrix coordinate real general
1 244 244                                         
1 1 1
1 2 1
1 3 2
1 4 1
1 5 4
1 6 2
1 7 3
1 8 4
1 9 1
1 10 2
1 11 14
1 12 1
1 13 1
1 14 1
1 15 5
1 16 10
1 17 1
1 18 3
1 19 1
1 20 1
1 21 1
1 22 1
1 23 1
1 24 8
1 25 7
1 26 1
1 27 4
1 28 1
1 29 2
1 30 2
1 31 4
1 32 1
1 33 1
1 34 4
1 35 1
1 36 1
1 37 1
1 38 1
1 39 6
1 40 1
1 41 1
1 42 3
1 43 2
1 44 2
1 45 4
1 46 1
1 47 1
1 48 1
1 49 2
1 50 1
1 51 1
1 52 1
1 53 1
1 54 1
1 55 1
1 56 1
1 57 3
1 58 1
1 59 2
1 60 1
1 61 2
1 62 2
1 63 1
1 64 1
1 65 1
1 66 1
1 67 1
1 68 1
1 69 6
1 70 5
1 71 1
1 72 5
1 73 1
1 74 1
1 75 1
1 76 3
1 77 1
1 78 9
1 79 1
1 80 1
1 81 1
1 82 3
1 83 1
1 84 7
1 85 1
1 86 1
1 87 1
1 88 5
1 89 2
1 90 1
1 91 1
1 92 1
1 93 6
1 94 1
1 95 1
1 96 1
1 97 1
1 98 1
1 99 1
1 100 1
1 101 5
1 102 3
1 103 3
1 104 5
1 105 1
1 106 7
1 107 2
1 108 1
1 109 1
1 110 1
1 111 10
1 112 3
1 113 2
1 114 1
1 115 1
1 116 6
1 117 2
1 118 3
1 119 1
1 120 4
1 121 6
1 122 1
1 123 1
1 124 3
1 125 1
1 126 5
1 127 2
1 128 1
1 129 1
1 130 1
1 131 1
1 132 1
1 133 1
1 134 1
1 135 1
1 136 1
1 137 1
1 138 1
1 139 2
1 140 1
1 141 1
1 142 1
1 143 1
1 144 1
1 145 3
1 146 5
1 147 2
1 148 1
1 149 2
1 150 8
1 151 4
1 152 5
1 153 1
1 154 1
1 155 1
1 156 1
1 157 3
1 158 1
1 159 1
1 160 1
1 161 1
1 162 2
1 163 1
1 164 1
1 165 1
1 166 2
1 167 1
1 168 1
1 169 5
1 170 1
1 171 3
1 172 1
1 173 3
1 174 1
1 175 4
1 176 1
1 177 3
1 178 1
1 179 4
1 180 1
1 181 1
1 182 1
1 183 1
1 184 6
1 185 2
1 186 1
1 187 1
1 188 4
1 189 5
1 190 1
1 191 1
1 192 1
1 193 2
1 194 3
1 195 1
1 196 2
1 197 4
1 198 1
1 199 1
1 200 1
1 201 1
1 202 1
1 203 1
1 204 8
1 205 1
1 206 1
1 207 1
1 208 1
1 209 1
1 210 3
1 211 2
1 212 2
1 213 5
1 214 2
1 215 1
1 216 1
1 217 5
1 218 2
1 219 1
1 220 2
1 221 2
1 222 2
1 223 1
1 224 1
1 225 3
1 226 1
1 227 1
1 228 11
1 229 5
1 230 1
1 231 1
1 232 2
1 233 1
1 234 5
1 235 8
1 236 1
1 237 4
1 238 1
1 239 3
1 240 11
1 241 2
1 242 1
1 243 1
1 244 1
