%%MatrixMarket matrix coordinate real general
1 242 242                                         
1 1 1
1 2 1
1 3 1
1 4 5
1 5 1
1 6 2
1 7 12
1 8 2
1 9 1
1 10 1
1 11 5
1 12 7
1 13 1
1 14 1
1 15 1
1 16 1
1 17 3
1 18 1
1 19 1
1 20 2
1 21 4
1 22 2
1 23 5
1 24 1
1 25 1
1 26 1
1 27 2
1 28 1
1 29 1
1 30 1
1 31 1
1 32 1
1 33 1
1 34 3
1 35 3
1 36 1
1 37 1
1 38 4
1 39 1
1 40 1
1 41 1
1 42 1
1 43 1
1 44 11
1 45 3
1 46 2
1 47 2
1 48 2
1 49 2
1 50 1
1 51 1
1 52 2
1 53 1
1 54 2
1 55 1
1 56 1
1 57 1
1 58 1
1 59 2
1 60 1
1 61 1
1 62 2
1 63 1
1 64 1
1 65 2
1 66 1
1 67 1
1 68 1
1 69 1
1 70 1
1 71 6
1 72 1
1 73 1
1 74 1
1 75 1
1 76 2
1 77 6
1 78 1
1 79 1
1 80 2
1 81 1
1 82 1
1 83 1
1 84 1
1 85 3
1 86 2
1 87 1
1 88 1
1 89 1
1 90 1
1 91 1
1 92 1
1 93 1
1 94 3
1 95 3
1 96 1
1 97 2
1 98 2
1 99 2
1 100 1
1 101 2
1 102 1
1 103 1
1 104 1
1 105 1
1 106 1
1 107 1
1 108 1
1 109 2
1 110 1
1 111 8
1 112 3
1 113 19
1 114 18
1 115 1
1 116 1
1 117 1
1 118 1
1 119 1
1 120 1
1 121 1
1 122 2
1 123 1
1 124 2
1 125 1
1 126 3
1 127 1
1 128 1
1 129 4
1 130 1
1 131 1
1 132 1
1 133 1
1 134 1
1 135 3
1 136 8
1 137 1
1 138 1
1 139 1
1 140 2
1 141 1
1 142 1
1 143 1
1 144 1
1 145 1
1 146 1
1 147 1
1 148 1
1 149 1
1 150 1
1 151 2
1 152 1
1 153 1
1 154 1
1 155 2
1 156 1
1 157 2
1 158 1
1 159 1
1 160 4
1 161 1
1 162 1
1 163 1
1 164 1
1 165 2
1 166 1
1 167 1
1 168 1
1 169 1
1 170 1
1 171 21
1 172 1
1 173 1
1 174 1
1 175 2
1 176 1
1 177 2
1 178 1
1 179 1
1 180 1
1 181 1
1 182 1
1 183 2
1 184 1
1 185 2
1 186 1
1 187 1
1 188 2
1 189 1
1 190 1
1 191 1
1 192 2
1 193 1
1 194 1
1 195 1
1 196 1
1 197 25
1 198 1
1 199 1
1 200 1
1 201 3
1 202 2
1 203 3
1 204 2
1 205 1
1 206 1
1 207 1
1 208 2
1 209 1
1 210 1
1 211 1
1 212 3
1 213 1
1 214 1
1 215 3
1 216 1
1 217 1
1 218 3
1 219 1
1 220 1
1 221 1
1 222 1
1 223 2
1 224 5
1 225 1
1 226 2
1 227 1
1 228 2
1 229 5
1 230 1
1 231 1
1 232 1
1 233 3
1 234 5
1 235 1
1 236 1
1 237 2
1 238 2
1 239 1
1 240 2
1 241 1
1 242 3
