%%MatrixMarket matrix coordinate real general
1 122 122                                         
1 1 3
1 2 1
1 3 1
1 4 9
1 5 5
1 6 2
1 7 2
1 8 2
1 9 1
1 10 1
1 11 2
1 12 3
1 13 5
1 14 2
1 15 14
1 16 2
1 17 1
1 18 1
1 19 34
1 20 9
1 21 9
1 22 1
1 23 1
1 24 1
1 25 1
1 26 2
1 27 3
1 28 2
1 29 1
1 30 2
1 31 1
1 32 1
1 33 2
1 34 1
1 35 1
1 36 3
1 37 1
1 38 2
1 39 1
1 40 1
1 41 1
1 42 1
1 43 2
1 44 6
1 45 17
1 46 1
1 47 1
1 48 1
1 49 1
1 50 1
1 51 1
1 52 1
1 53 1
1 54 1
1 55 1
1 56 1
1 57 1
1 58 2
1 59 1
1 60 1
1 61 1
1 62 1
1 63 2
1 64 1
1 65 1
1 66 2
1 67 1
1 68 1
1 69 1
1 70 1
1 71 2
1 72 1
1 73 1
1 74 1
1 75 1
1 76 1
1 77 4
1 78 1
1 79 2
1 80 1
1 81 3
1 82 3
1 83 3
1 84 1
1 85 1
1 86 1
1 87 6
1 88 1
1 89 1
1 90 1
1 91 2
1 92 2
1 93 16
1 94 1
1 95 1
1 96 2
1 97 1
1 98 1
1 99 1
1 100 1
1 101 1
1 102 1
1 103 1
1 104 1
1 105 1
1 106 2
1 107 1
1 108 10
1 109 1
1 110 5
1 111 1
1 112 3
1 113 1
1 114 1
1 115 2
1 116 1
1 117 2
1 118 1
1 119 1
1 120 1
1 121 1
1 122 1
