%%MatrixMarket matrix coordinate real general
1 151 151                                         
1 1 1
1 2 1
1 3 2
1 4 1
1 5 1
1 6 1
1 7 1
1 8 7
1 9 1
1 10 3
1 11 7
1 12 1
1 13 2
1 14 1
1 15 1
1 16 1
1 17 1
1 18 1
1 19 4
1 20 1
1 21 1
1 22 3
1 23 1
1 24 1
1 25 1
1 26 1
1 27 1
1 28 2
1 29 1
1 30 1
1 31 1
1 32 1
1 33 2
1 34 1
1 35 1
1 36 1
1 37 1
1 38 2
1 39 1
1 40 1
1 41 1
1 42 2
1 43 4
1 44 1
1 45 1
1 46 2
1 47 1
1 48 1
1 49 1
1 50 1
1 51 5
1 52 1
1 53 1
1 54 1
1 55 1
1 56 1
1 57 1
1 58 1
1 59 1
1 60 2
1 61 2
1 62 5
1 63 1
1 64 1
1 65 1
1 66 1
1 67 1
1 68 1
1 69 1
1 70 1
1 71 1
1 72 7
1 73 3
1 74 8
1 75 8
1 76 1
1 77 1
1 78 1
1 79 1
1 80 1
1 81 23
1 82 2
1 83 1
1 84 2
1 85 2
1 86 1
1 87 1
1 88 1
1 89 5
1 90 1
1 91 1
1 92 1
1 93 2
1 94 2
1 95 2
1 96 1
1 97 1
1 98 2
1 99 2
1 100 1
1 101 3
1 102 1
1 103 1
1 104 1
1 105 1
1 106 13
1 107 1
1 108 1
1 109 2
1 110 1
1 111 2
1 112 1
1 113 1
1 114 1
1 115 1
1 116 1
1 117 1
1 118 1
1 119 1
1 120 2
1 121 1
1 122 1
1 123 1
1 124 2
1 125 1
1 126 1
1 127 1
1 128 1
1 129 1
1 130 2
1 131 2
1 132 1
1 133 1
1 134 4
1 135 1
1 136 2
1 137 1
1 138 1
1 139 3
1 140 5
1 141 1
1 142 1
1 143 1
1 144 1
1 145 2
1 146 1
1 147 1
1 148 2
1 149 3
1 150 2
1 151 1
