%%MatrixMarket matrix coordinate real general
1 169 169                                         
1 1 4
1 2 2
1 3 1
1 4 1
1 5 1
1 6 1
1 7 1
1 8 1
1 9 1
1 10 1
1 11 1
1 12 1
1 13 1
1 14 1
1 15 1
1 16 5
1 17 7
1 18 1
1 19 1
1 20 1
1 21 1
1 22 1
1 23 2
1 24 1
1 25 1
1 26 2
1 27 1
1 28 1
1 29 4
1 30 2
1 31 3
1 32 1
1 33 1
1 34 11
1 35 1
1 36 1
1 37 1
1 38 1
1 39 1
1 40 1
1 41 1
1 42 1
1 43 1
1 44 1
1 45 1
1 46 2
1 47 2
1 48 2
1 49 1
1 50 1
1 51 1
1 52 1
1 53 1
1 54 1
1 55 1
1 56 1
1 57 2
1 58 3
1 59 6
1 60 1
1 61 17
1 62 1
1 63 1
1 64 1
1 65 1
1 66 2
1 67 2
1 68 3
1 69 1
1 70 1
1 71 3
1 72 1
1 73 2
1 74 1
1 75 1
1 76 1
1 77 1
1 78 1
1 79 2
1 80 1
1 81 3
1 82 1
1 83 1
1 84 2
1 85 1
1 86 1
1 87 1
1 88 1
1 89 2
1 90 3
1 91 1
1 92 1
1 93 1
1 94 1
1 95 2
1 96 2
1 97 1
1 98 1
1 99 3
1 100 1
1 101 1
1 102 2
1 103 1
1 104 1
1 105 1
1 106 1
1 107 3
1 108 2
1 109 1
1 110 1
1 111 2
1 112 1
1 113 1
1 114 1
1 115 1
1 116 1
1 117 1
1 118 2
1 119 1
1 120 4
1 121 1
1 122 1
1 123 3
1 124 2
1 125 1
1 126 1
1 127 2
1 128 2
1 129 1
1 130 1
1 131 1
1 132 5
1 133 2
1 134 1
1 135 2
1 136 1
1 137 1
1 138 1
1 139 1
1 140 1
1 141 10
1 142 1
1 143 1
1 144 1
1 145 1
1 146 1
1 147 1
1 148 3
1 149 1
1 150 1
1 151 1
1 152 4
1 153 4
1 154 1
1 155 1
1 156 2
1 157 1
1 158 2
1 159 1
1 160 1
1 161 1
1 162 2
1 163 1
1 164 1
1 165 1
1 166 1
1 167 1
1 168 1
1 169 1
