%%MatrixMarket matrix coordinate real general
1 133 133                                         
1 1 1
1 2 6
1 3 1
1 4 13
1 5 11
1 6 1
1 7 1
1 8 1
1 9 1
1 10 1
1 11 2
1 12 1
1 13 1
1 14 1
1 15 1
1 16 10
1 17 1
1 18 2
1 19 1
1 20 2
1 21 11
1 22 1
1 23 1
1 24 2
1 25 1
1 26 1
1 27 1
1 28 1
1 29 1
1 30 1
1 31 1
1 32 2
1 33 1
1 34 1
1 35 1
1 36 1
1 37 1
1 38 1
1 39 2
1 40 1
1 41 1
1 42 1
1 43 1
1 44 3
1 45 1
1 46 1
1 47 1
1 48 1
1 49 1
1 50 1
1 51 2
1 52 1
1 53 8
1 54 4
1 55 5
1 56 1
1 57 5
1 58 2
1 59 1
1 60 12
1 61 1
1 62 1
1 63 3
1 64 3
1 65 1
1 66 1
1 67 1
1 68 1
1 69 1
1 70 1
1 71 1
1 72 1
1 73 2
1 74 3
1 75 1
1 76 2
1 77 1
1 78 1
1 79 1
1 80 2
1 81 1
1 82 1
1 83 3
1 84 2
1 85 2
1 86 1
1 87 1
1 88 1
1 89 1
1 90 1
1 91 2
1 92 4
1 93 1
1 94 1
1 95 2
1 96 7
1 97 1
1 98 2
1 99 1
1 100 2
1 101 1
1 102 1
1 103 1
1 104 1
1 105 2
1 106 4
1 107 1
1 108 1
1 109 1
1 110 1
1 111 1
1 112 2
1 113 1
1 114 1
1 115 6
1 116 1
1 117 1
1 118 3
1 119 1
1 120 2
1 121 1
1 122 1
1 123 1
1 124 4
1 125 1
1 126 5
1 127 3
1 128 1
1 129 1
1 130 1
1 131 2
1 132 1
1 133 1
