%%MatrixMarket matrix coordinate real general
1 177 177                                         
1 1 7
1 2 2
1 3 1
1 4 1
1 5 26
1 6 1
1 7 23
1 8 1
1 9 2
1 10 7
1 11 1
1 12 1
1 13 4
1 14 1
1 15 2
1 16 1
1 17 1
1 18 1
1 19 5
1 20 2
1 21 1
1 22 1
1 23 3
1 24 1
1 25 1
1 26 1
1 27 1
1 28 2
1 29 1
1 30 5
1 31 1
1 32 2
1 33 1
1 34 1
1 35 1
1 36 3
1 37 1
1 38 2
1 39 1
1 40 1
1 41 1
1 42 1
1 43 2
1 44 21
1 45 2
1 46 1
1 47 1
1 48 1
1 49 1
1 50 1
1 51 1
1 52 1
1 53 1
1 54 1
1 55 3
1 56 1
1 57 2
1 58 2
1 59 1
1 60 2
1 61 2
1 62 2
1 63 1
1 64 1
1 65 1
1 66 2
1 67 1
1 68 5
1 69 6
1 70 1
1 71 1
1 72 1
1 73 1
1 74 1
1 75 1
1 76 1
1 77 1
1 78 1
1 79 1
1 80 5
1 81 3
1 82 1
1 83 1
1 84 13
1 85 16
1 86 1
1 87 2
1 88 1
1 89 1
1 90 2
1 91 1
1 92 1
1 93 5
1 94 1
1 95 2
1 96 2
1 97 14
1 98 1
1 99 5
1 100 1
1 101 1
1 102 1
1 103 2
1 104 2
1 105 2
1 106 1
1 107 2
1 108 1
1 109 1
1 110 1
1 111 3
1 112 2
1 113 1
1 114 1
1 115 3
1 116 1
1 117 1
1 118 2
1 119 1
1 120 1
1 121 1
1 122 1
1 123 2
1 124 1
1 125 4
1 126 1
1 127 1
1 128 2
1 129 1
1 130 1
1 131 5
1 132 1
1 133 1
1 134 3
1 135 8
1 136 1
1 137 1
1 138 2
1 139 3
1 140 2
1 141 2
1 142 1
1 143 1
1 144 3
1 145 2
1 146 6
1 147 5
1 148 2
1 149 3
1 150 17
1 151 1
1 152 2
1 153 2
1 154 1
1 155 1
1 156 1
1 157 1
1 158 1
1 159 2
1 160 1
1 161 15
1 162 2
1 163 1
1 164 2
1 165 1
1 166 2
1 167 2
1 168 1
1 169 5
1 170 1
1 171 1
1 172 1
1 173 10
1 174 1
1 175 9
1 176 1
1 177 5
