%%MatrixMarket matrix coordinate real general
1 229 229                                         
1 1 1
1 2 2
1 3 1
1 4 6
1 5 2
1 6 1
1 7 1
1 8 8
1 9 1
1 10 1
1 11 3
1 12 1
1 13 1
1 14 1
1 15 10
1 16 5
1 17 1
1 18 1
1 19 1
1 20 5
1 21 3
1 22 3
1 23 1
1 24 2
1 25 1
1 26 1
1 27 2
1 28 2
1 29 1
1 30 1
1 31 3
1 32 1
1 33 2
1 34 1
1 35 3
1 36 3
1 37 2
1 38 2
1 39 1
1 40 3
1 41 1
1 42 1
1 43 1
1 44 1
1 45 1
1 46 1
1 47 1
1 48 1
1 49 1
1 50 1
1 51 2
1 52 3
1 53 1
1 54 2
1 55 1
1 56 1
1 57 1
1 58 2
1 59 1
1 60 1
1 61 2
1 62 1
1 63 1
1 64 4
1 65 2
1 66 1
1 67 1
1 68 1
1 69 1
1 70 1
1 71 19
1 72 1
1 73 2
1 74 2
1 75 1
1 76 2
1 77 1
1 78 2
1 79 1
1 80 1
1 81 2
1 82 1
1 83 1
1 84 4
1 85 1
1 86 1
1 87 1
1 88 1
1 89 1
1 90 1
1 91 4
1 92 1
1 93 1
1 94 2
1 95 11
1 96 1
1 97 1
1 98 1
1 99 1
1 100 3
1 101 4
1 102 1
1 103 1
1 104 1
1 105 1
1 106 4
1 107 2
1 108 5
1 109 1
1 110 1
1 111 1
1 112 1
1 113 1
1 114 2
1 115 1
1 116 1
1 117 1
1 118 4
1 119 1
1 120 1
1 121 1
1 122 1
1 123 1
1 124 2
1 125 2
1 126 2
1 127 1
1 128 2
1 129 1
1 130 3
1 131 1
1 132 2
1 133 3
1 134 2
1 135 1
1 136 1
1 137 1
1 138 14
1 139 3
1 140 2
1 141 1
1 142 1
1 143 1
1 144 1
1 145 1
1 146 1
1 147 1
1 148 2
1 149 1
1 150 1
1 151 2
1 152 1
1 153 2
1 154 2
1 155 2
1 156 1
1 157 3
1 158 1
1 159 1
1 160 1
1 161 7
1 162 2
1 163 1
1 164 1
1 165 2
1 166 1
1 167 1
1 168 1
1 169 2
1 170 1
1 171 1
1 172 1
1 173 1
1 174 3
1 175 1
1 176 1
1 177 1
1 178 1
1 179 1
1 180 4
1 181 1
1 182 1
1 183 1
1 184 1
1 185 1
1 186 1
1 187 7
1 188 1
1 189 1
1 190 1
1 191 1
1 192 1
1 193 5
1 194 1
1 195 5
1 196 1
1 197 1
1 198 1
1 199 3
1 200 7
1 201 1
1 202 1
1 203 1
1 204 1
1 205 3
1 206 2
1 207 1
1 208 2
1 209 1
1 210 1
1 211 8
1 212 7
1 213 1
1 214 1
1 215 2
1 216 1
1 217 1
1 218 3
1 219 1
1 220 2
1 221 1
1 222 1
1 223 1
1 224 1
1 225 1
1 226 6
1 227 2
1 228 1
1 229 1
