%%MatrixMarket matrix coordinate real general
1 79 79                                           
1 1 2
1 2 1
1 3 2
1 4 1
1 5 1
1 6 1
1 7 2
1 8 1
1 9 1
1 10 1
1 11 1
1 12 1
1 13 1
1 14 4
1 15 1
1 16 1
1 17 1
1 18 1
1 19 1
1 20 1
1 21 1
1 22 4
1 23 1
1 24 1
1 25 3
1 26 1
1 27 1
1 28 1
1 29 1
1 30 2
1 31 1
1 32 1
1 33 2
1 34 1
1 35 2
1 36 1
1 37 1
1 38 1
1 39 1
1 40 4
1 41 1
1 42 1
1 43 1
1 44 1
1 45 2
1 46 3
1 47 2
1 48 2
1 49 1
1 50 2
1 51 1
1 52 3
1 53 1
1 54 1
1 55 1
1 56 1
1 57 1
1 58 1
1 59 1
1 60 1
1 61 1
1 62 3
1 63 3
1 64 1
1 65 2
1 66 2
1 67 1
1 68 2
1 69 1
1 70 5
1 71 1
1 72 1
1 73 1
1 74 1
1 75 1
1 76 1
1 77 1
1 78 1
1 79 1
