%%MatrixMarket matrix coordinate real general
1 101 101                                         
1 1 1
1 2 8
1 3 1
1 4 11
1 5 1
1 6 2
1 7 5
1 8 1
1 9 1
1 10 1
1 11 2
1 12 2
1 13 1
1 14 2
1 15 1
1 16 1
1 17 2
1 18 2
1 19 1
1 20 3
1 21 1
1 22 1
1 23 1
1 24 1
1 25 1
1 26 1
1 27 1
1 28 2
1 29 1
1 30 1
1 31 1
1 32 1
1 33 1
1 34 1
1 35 2
1 36 4
1 37 1
1 38 1
1 39 1
1 40 3
1 41 1
1 42 1
1 43 9
1 44 1
1 45 1
1 46 1
1 47 2
1 48 1
1 49 1
1 50 6
1 51 2
1 52 1
1 53 1
1 54 2
1 55 1
1 56 1
1 57 2
1 58 2
1 59 1
1 60 2
1 61 1
1 62 1
1 63 2
1 64 2
1 65 1
1 66 1
1 67 1
1 68 1
1 69 1
1 70 1
1 71 1
1 72 1
1 73 1
1 74 2
1 75 9
1 76 1
1 77 2
1 78 1
1 79 2
1 80 1
1 81 3
1 82 1
1 83 1
1 84 1
1 85 1
1 86 1
1 87 13
1 88 1
1 89 2
1 90 1
1 91 1
1 92 1
1 93 1
1 94 1
1 95 1
1 96 3
1 97 1
1 98 1
1 99 1
1 100 2
1 101 1
