%%MatrixMarket matrix coordinate real general
1 66 66                                           
1 1 2
1 2 1
1 3 1
1 4 1
1 5 1
1 6 4
1 7 1
1 8 9
1 9 1
1 10 1
1 11 1
1 12 1
1 13 1
1 14 1
1 15 1
1 16 3
1 17 1
1 18 1
1 19 1
1 20 1
1 21 4
1 22 1
1 23 1
1 24 1
1 25 1
1 26 1
1 27 1
1 28 2
1 29 1
1 30 1
1 31 1
1 32 3
1 33 1
1 34 1
1 35 1
1 36 1
1 37 3
1 38 1
1 39 1
1 40 1
1 41 1
1 42 1
1 43 1
1 44 1
1 45 1
1 46 1
1 47 1
1 48 1
1 49 1
1 50 1
1 51 11
1 52 1
1 53 9
1 54 1
1 55 3
1 56 2
1 57 1
1 58 1
1 59 5
1 60 2
1 61 1
1 62 1
1 63 2
1 64 3
1 65 1
1 66 1
