%%MatrixMarket matrix coordinate real general
1 258 258                                         
1 1 7
1 2 5
1 3 1
1 4 1
1 5 12
1 6 3
1 7 1
1 8 2
1 9 10
1 10 3
1 11 1
1 12 3
1 13 1
1 14 1
1 15 1
1 16 5
1 17 1
1 18 3
1 19 2
1 20 1
1 21 1
1 22 9
1 23 3
1 24 1
1 25 3
1 26 1
1 27 1
1 28 1
1 29 1
1 30 1
1 31 2
1 32 1
1 33 3
1 34 1
1 35 1
1 36 1
1 37 1
1 38 1
1 39 1
1 40 3
1 41 3
1 42 1
1 43 2
1 44 1
1 45 1
1 46 1
1 47 1
1 48 2
1 49 2
1 50 1
1 51 4
1 52 1
1 53 1
1 54 2
1 55 4
1 56 1
1 57 6
1 58 1
1 59 1
1 60 1
1 61 1
1 62 1
1 63 1
1 64 2
1 65 1
1 66 8
1 67 1
1 68 1
1 69 1
1 70 1
1 71 1
1 72 2
1 73 2
1 74 1
1 75 2
1 76 1
1 77 7
1 78 2
1 79 1
1 80 1
1 81 1
1 82 1
1 83 1
1 84 1
1 85 31
1 86 2
1 87 1
1 88 1
1 89 1
1 90 2
1 91 1
1 92 1
1 93 1
1 94 1
1 95 2
1 96 1
1 97 1
1 98 2
1 99 3
1 100 1
1 101 1
1 102 5
1 103 1
1 104 1
1 105 1
1 106 2
1 107 2
1 108 1
1 109 4
1 110 1
1 111 1
1 112 3
1 113 6
1 114 2
1 115 1
1 116 3
1 117 1
1 118 1
1 119 1
1 120 2
1 121 1
1 122 2
1 123 1
1 124 2
1 125 2
1 126 1
1 127 4
1 128 1
1 129 1
1 130 1
1 131 1
1 132 1
1 133 3
1 134 1
1 135 4
1 136 1
1 137 1
1 138 1
1 139 2
1 140 6
1 141 1
1 142 1
1 143 1
1 144 4
1 145 3
1 146 1
1 147 1
1 148 1
1 149 1
1 150 1
1 151 1
1 152 2
1 153 2
1 154 1
1 155 1
1 156 2
1 157 1
1 158 2
1 159 1
1 160 3
1 161 1
1 162 3
1 163 1
1 164 1
1 165 1
1 166 2
1 167 7
1 168 1
1 169 3
1 170 1
1 171 1
1 172 1
1 173 1
1 174 1
1 175 1
1 176 1
1 177 1
1 178 3
1 179 1
1 180 2
1 181 5
1 182 1
1 183 1
1 184 1
1 185 3
1 186 1
1 187 2
1 188 5
1 189 1
1 190 2
1 191 1
1 192 3
1 193 1
1 194 1
1 195 3
1 196 1
1 197 1
1 198 2
1 199 1
1 200 1
1 201 1
1 202 1
1 203 1
1 204 3
1 205 1
1 206 1
1 207 1
1 208 2
1 209 2
1 210 1
1 211 1
1 212 3
1 213 1
1 214 2
1 215 1
1 216 3
1 217 1
1 218 1
1 219 1
1 220 1
1 221 1
1 222 1
1 223 7
1 224 1
1 225 4
1 226 1
1 227 1
1 228 1
1 229 1
1 230 2
1 231 5
1 232 1
1 233 3
1 234 2
1 235 2
1 236 2
1 237 1
1 238 2
1 239 1
1 240 8
1 241 5
1 242 1
1 243 2
1 244 1
1 245 1
1 246 2
1 247 1
1 248 2
1 249 1
1 250 1
1 251 1
1 252 2
1 253 1
1 254 4
1 255 2
1 256 2
1 257 1
1 258 1
