%%MatrixMarket matrix coordinate real general
1 71 71                                           
1 1 1
1 2 1
1 3 3
1 4 2
1 5 3
1 6 2
1 7 1
1 8 1
1 9 1
1 10 2
1 11 1
1 12 1
1 13 4
1 14 1
1 15 1
1 16 2
1 17 1
1 18 2
1 19 2
1 20 3
1 21 1
1 22 2
1 23 1
1 24 1
1 25 1
1 26 1
1 27 3
1 28 1
1 29 1
1 30 1
1 31 1
1 32 1
1 33 1
1 34 1
1 35 1
1 36 1
1 37 2
1 38 2
1 39 1
1 40 1
1 41 2
1 42 1
1 43 1
1 44 5
1 45 1
1 46 1
1 47 15
1 48 1
1 49 1
1 50 1
1 51 1
1 52 4
1 53 3
1 54 1
1 55 1
1 56 1
1 57 1
1 58 1
1 59 1
1 60 1
1 61 1
1 62 3
1 63 2
1 64 1
1 65 1
1 66 2
1 67 1
1 68 1
1 69 1
1 70 3
1 71 1
