%%MatrixMarket matrix coordinate real general
1 88 88                                           
1 1 1
1 2 1
1 3 2
1 4 3
1 5 1
1 6 4
1 7 2
1 8 1
1 9 1
1 10 1
1 11 1
1 12 2
1 13 1
1 14 1
1 15 1
1 16 1
1 17 1
1 18 2
1 19 1
1 20 1
1 21 1
1 22 1
1 23 1
1 24 1
1 25 2
1 26 3
1 27 1
1 28 1
1 29 1
1 30 1
1 31 1
1 32 1
1 33 2
1 34 1
1 35 1
1 36 1
1 37 1
1 38 2
1 39 1
1 40 1
1 41 1
1 42 1
1 43 1
1 44 1
1 45 1
1 46 1
1 47 1
1 48 2
1 49 2
1 50 1
1 51 3
1 52 2
1 53 2
1 54 2
1 55 1
1 56 1
1 57 2
1 58 2
1 59 1
1 60 1
1 61 1
1 62 2
1 63 2
1 64 1
1 65 4
1 66 1
1 67 2
1 68 2
1 69 1
1 70 1
1 71 1
1 72 2
1 73 1
1 74 1
1 75 2
1 76 2
1 77 1
1 78 1
1 79 1
1 80 5
1 81 1
1 82 14
1 83 1
1 84 2
1 85 1
1 86 3
1 87 3
1 88 1
