%%MatrixMarket matrix coordinate real general
1 221 221                                         
1 1 1
1 2 1
1 3 9
1 4 2
1 5 1
1 6 1
1 7 3
1 8 1
1 9 1
1 10 1
1 11 1
1 12 1
1 13 1
1 14 1
1 15 2
1 16 4
1 17 23
1 18 1
1 19 2
1 20 1
1 21 2
1 22 5
1 23 2
1 24 1
1 25 1
1 26 7
1 27 10
1 28 2
1 29 1
1 30 1
1 31 1
1 32 1
1 33 2
1 34 2
1 35 2
1 36 9
1 37 9
1 38 1
1 39 3
1 40 2
1 41 1
1 42 2
1 43 3
1 44 1
1 45 1
1 46 1
1 47 1
1 48 4
1 49 2
1 50 1
1 51 1
1 52 2
1 53 2
1 54 1
1 55 5
1 56 1
1 57 1
1 58 1
1 59 1
1 60 2
1 61 1
1 62 1
1 63 2
1 64 2
1 65 1
1 66 4
1 67 1
1 68 1
1 69 1
1 70 1
1 71 1
1 72 1
1 73 1
1 74 1
1 75 1
1 76 2
1 77 2
1 78 1
1 79 1
1 80 1
1 81 8
1 82 5
1 83 1
1 84 1
1 85 1
1 86 1
1 87 1
1 88 1
1 89 3
1 90 2
1 91 1
1 92 1
1 93 2
1 94 1
1 95 1
1 96 4
1 97 1
1 98 1
1 99 1
1 100 4
1 101 1
1 102 1
1 103 11
1 104 14
1 105 1
1 106 1
1 107 1
1 108 2
1 109 2
1 110 2
1 111 1
1 112 1
1 113 1
1 114 1
1 115 2
1 116 1
1 117 2
1 118 2
1 119 17
1 120 2
1 121 4
1 122 2
1 123 1
1 124 1
1 125 4
1 126 3
1 127 2
1 128 2
1 129 1
1 130 1
1 131 1
1 132 24
1 133 1
1 134 2
1 135 5
1 136 2
1 137 1
1 138 1
1 139 3
1 140 1
1 141 1
1 142 1
1 143 1
1 144 1
1 145 1
1 146 5
1 147 1
1 148 3
1 149 1
1 150 1
1 151 1
1 152 1
1 153 1
1 154 2
1 155 2
1 156 1
1 157 2
1 158 1
1 159 1
1 160 1
1 161 1
1 162 1
1 163 1
1 164 14
1 165 1
1 166 1
1 167 5
1 168 2
1 169 3
1 170 4
1 171 1
1 172 1
1 173 8
1 174 1
1 175 2
1 176 3
1 177 17
1 178 2
1 179 3
1 180 2
1 181 3
1 182 3
1 183 5
1 184 1
1 185 1
1 186 2
1 187 1
1 188 1
1 189 2
1 190 1
1 191 2
1 192 3
1 193 1
1 194 13
1 195 8
1 196 2
1 197 10
1 198 2
1 199 1
1 200 1
1 201 4
1 202 1
1 203 1
1 204 1
1 205 2
1 206 3
1 207 2
1 208 1
1 209 3
1 210 10
1 211 2
1 212 2
1 213 17
1 214 2
1 215 5
1 216 1
1 217 1
1 218 1
1 219 5
1 220 1
1 221 1
