%%MatrixMarket matrix coordinate real general
1 107 107                                         
1 1 1
1 2 4
1 3 1
1 4 8
1 5 1
1 6 1
1 7 1
1 8 1
1 9 2
1 10 9
1 11 1
1 12 1
1 13 1
1 14 5
1 15 1
1 16 3
1 17 1
1 18 1
1 19 1
1 20 1
1 21 3
1 22 1
1 23 3
1 24 1
1 25 1
1 26 2
1 27 1
1 28 2
1 29 1
1 30 1
1 31 1
1 32 2
1 33 2
1 34 2
1 35 9
1 36 1
1 37 1
1 38 3
1 39 1
1 40 1
1 41 1
1 42 2
1 43 2
1 44 2
1 45 3
1 46 7
1 47 1
1 48 1
1 49 2
1 50 3
1 51 1
1 52 1
1 53 1
1 54 1
1 55 2
1 56 2
1 57 4
1 58 3
1 59 2
1 60 1
1 61 1
1 62 1
1 63 1
1 64 2
1 65 1
1 66 1
1 67 1
1 68 2
1 69 1
1 70 2
1 71 1
1 72 1
1 73 2
1 74 2
1 75 1
1 76 1
1 77 2
1 78 1
1 79 4
1 80 1
1 81 1
1 82 2
1 83 1
1 84 2
1 85 1
1 86 1
1 87 1
1 88 3
1 89 1
1 90 1
1 91 1
1 92 2
1 93 1
1 94 1
1 95 3
1 96 1
1 97 5
1 98 1
1 99 3
1 100 2
1 101 12
1 102 1
1 103 3
1 104 1
1 105 1
1 106 4
1 107 1
