%%MatrixMarket matrix coordinate real general
1 133 133                                         
1 1 1
1 2 1
1 3 2
1 4 16
1 5 1
1 6 1
1 7 1
1 8 1
1 9 1
1 10 6
1 11 7
1 12 4
1 13 1
1 14 2
1 15 1
1 16 2
1 17 2
1 18 4
1 19 2
1 20 1
1 21 1
1 22 1
1 23 2
1 24 1
1 25 1
1 26 1
1 27 1
1 28 1
1 29 1
1 30 1
1 31 2
1 32 1
1 33 1
1 34 1
1 35 1
1 36 1
1 37 1
1 38 1
1 39 1
1 40 1
1 41 1
1 42 1
1 43 3
1 44 1
1 45 1
1 46 1
1 47 1
1 48 1
1 49 2
1 50 1
1 51 1
1 52 1
1 53 4
1 54 2
1 55 1
1 56 3
1 57 3
1 58 1
1 59 1
1 60 1
1 61 1
1 62 1
1 63 1
1 64 1
1 65 1
1 66 1
1 67 1
1 68 2
1 69 3
1 70 4
1 71 11
1 72 5
1 73 3
1 74 4
1 75 2
1 76 1
1 77 1
1 78 3
1 79 1
1 80 1
1 81 1
1 82 1
1 83 1
1 84 1
1 85 1
1 86 1
1 87 2
1 88 1
1 89 3
1 90 2
1 91 2
1 92 2
1 93 1
1 94 1
1 95 1
1 96 1
1 97 1
1 98 1
1 99 2
1 100 1
1 101 1
1 102 1
1 103 1
1 104 1
1 105 1
1 106 1
1 107 1
1 108 4
1 109 1
1 110 2
1 111 1
1 112 1
1 113 1
1 114 2
1 115 12
1 116 1
1 117 1
1 118 1
1 119 4
1 120 1
1 121 1
1 122 3
1 123 1
1 124 1
1 125 1
1 126 1
1 127 1
1 128 11
1 129 2
1 130 1
1 131 1
1 132 1
1 133 1
