%%MatrixMarket matrix coordinate real general
1 286 286                                         
1 1 1
1 2 1
1 3 1
1 4 2
1 5 1
1 6 2
1 7 1
1 8 9
1 9 1
1 10 21
1 11 1
1 12 3
1 13 3
1 14 2
1 15 1
1 16 1
1 17 1
1 18 1
1 19 1
1 20 9
1 21 2
1 22 1
1 23 8
1 24 1
1 25 1
1 26 1
1 27 1
1 28 3
1 29 1
1 30 3
1 31 4
1 32 1
1 33 3
1 34 1
1 35 4
1 36 1
1 37 2
1 38 2
1 39 11
1 40 1
1 41 1
1 42 1
1 43 4
1 44 1
1 45 2
1 46 1
1 47 1
1 48 1
1 49 3
1 50 1
1 51 1
1 52 9
1 53 2
1 54 1
1 55 1
1 56 3
1 57 3
1 58 2
1 59 1
1 60 1
1 61 1
1 62 1
1 63 1
1 64 2
1 65 1
1 66 1
1 67 2
1 68 2
1 69 1
1 70 1
1 71 2
1 72 1
1 73 1
1 74 1
1 75 1
1 76 1
1 77 1
1 78 3
1 79 1
1 80 3
1 81 3
1 82 1
1 83 1
1 84 1
1 85 1
1 86 1
1 87 1
1 88 1
1 89 1
1 90 1
1 91 1
1 92 1
1 93 1
1 94 1
1 95 3
1 96 1
1 97 1
1 98 1
1 99 1
1 100 5
1 101 2
1 102 2
1 103 1
1 104 1
1 105 3
1 106 1
1 107 3
1 108 1
1 109 1
1 110 2
1 111 29
1 112 1
1 113 1
1 114 1
1 115 1
1 116 1
1 117 1
1 118 84
1 119 1
1 120 1
1 121 8
1 122 1
1 123 4
1 124 1
1 125 1
1 126 1
1 127 1
1 128 9
1 129 1
1 130 1
1 131 3
1 132 1
1 133 1
1 134 2
1 135 6
1 136 4
1 137 3
1 138 1
1 139 1
1 140 4
1 141 1
1 142 1
1 143 2
1 144 1
1 145 1
1 146 1
1 147 4
1 148 1
1 149 1
1 150 27
1 151 1
1 152 1
1 153 1
1 154 4
1 155 1
1 156 4
1 157 1
1 158 10
1 159 2
1 160 2
1 161 2
1 162 1
1 163 1
1 164 1
1 165 2
1 166 3
1 167 1
1 168 1
1 169 1
1 170 1
1 171 12
1 172 2
1 173 1
1 174 6
1 175 2
1 176 1
1 177 1
1 178 1
1 179 1
1 180 1
1 181 3
1 182 1
1 183 2
1 184 1
1 185 1
1 186 1
1 187 1
1 188 1
1 189 5
1 190 1
1 191 3
1 192 1
1 193 9
1 194 2
1 195 1
1 196 1
1 197 1
1 198 1
1 199 3
1 200 1
1 201 2
1 202 2
1 203 1
1 204 1
1 205 1
1 206 1
1 207 35
1 208 1
1 209 1
1 210 7
1 211 1
1 212 1
1 213 1
1 214 1
1 215 1
1 216 1
1 217 2
1 218 1
1 219 1
1 220 1
1 221 1
1 222 4
1 223 6
1 224 5
1 225 1
1 226 14
1 227 1
1 228 1
1 229 1
1 230 2
1 231 1
1 232 2
1 233 1
1 234 5
1 235 6
1 236 1
1 237 1
1 238 3
1 239 2
1 240 2
1 241 2
1 242 1
1 243 1
1 244 1
1 245 2
1 246 1
1 247 1
1 248 2
1 249 3
1 250 1
1 251 2
1 252 1
1 253 6
1 254 1
1 255 2
1 256 1
1 257 1
1 258 2
1 259 1
1 260 1
1 261 3
1 262 2
1 263 1
1 264 1
1 265 2
1 266 1
1 267 1
1 268 1
1 269 1
1 270 1
1 271 9
1 272 1
1 273 1
1 274 1
1 275 2
1 276 1
1 277 7
1 278 2
1 279 3
1 280 1
1 281 5
1 282 1
1 283 3
1 284 1
1 285 3
1 286 13
