%%MatrixMarket matrix coordinate real general
1 139 139                                         
1 1 1
1 2 2
1 3 1
1 4 1
1 5 1
1 6 1
1 7 5
1 8 1
1 9 1
1 10 1
1 11 1
1 12 1
1 13 1
1 14 1
1 15 1
1 16 2
1 17 1
1 18 1
1 19 1
1 20 1
1 21 4
1 22 2
1 23 1
1 24 1
1 25 2
1 26 1
1 27 1
1 28 1
1 29 1
1 30 1
1 31 1
1 32 2
1 33 2
1 34 1
1 35 1
1 36 2
1 37 1
1 38 1
1 39 1
1 40 1
1 41 1
1 42 2
1 43 3
1 44 1
1 45 1
1 46 5
1 47 1
1 48 1
1 49 1
1 50 1
1 51 1
1 52 1
1 53 1
1 54 1
1 55 1
1 56 1
1 57 1
1 58 1
1 59 1
1 60 1
1 61 1
1 62 1
1 63 1
1 64 1
1 65 1
1 66 1
1 67 1
1 68 1
1 69 1
1 70 1
1 71 1
1 72 1
1 73 1
1 74 1
1 75 1
1 76 1
1 77 4
1 78 1
1 79 6
1 80 2
1 81 1
1 82 3
1 83 12
1 84 1
1 85 1
1 86 1
1 87 14
1 88 1
1 89 1
1 90 1
1 91 2
1 92 1
1 93 1
1 94 1
1 95 1
1 96 1
1 97 1
1 98 1
1 99 1
1 100 3
1 101 1
1 102 3
1 103 1
1 104 2
1 105 6
1 106 1
1 107 1
1 108 1
1 109 2
1 110 2
1 111 1
1 112 1
1 113 1
1 114 1
1 115 3
1 116 6
1 117 2
1 118 1
1 119 4
1 120 1
1 121 1
1 122 1
1 123 1
1 124 1
1 125 1
1 126 1
1 127 1
1 128 4
1 129 4
1 130 1
1 131 3
1 132 1
1 133 3
1 134 1
1 135 3
1 136 1
1 137 1
1 138 2
1 139 1
