%%MatrixMarket matrix coordinate real general
1 169 169                                         
1 1 7
1 2 2
1 3 1
1 4 1
1 5 1
1 6 15
1 7 1
1 8 1
1 9 1
1 10 14
1 11 2
1 12 1
1 13 1
1 14 1
1 15 2
1 16 2
1 17 1
1 18 2
1 19 1
1 20 2
1 21 2
1 22 1
1 23 2
1 24 2
1 25 6
1 26 1
1 27 1
1 28 4
1 29 1
1 30 1
1 31 1
1 32 3
1 33 1
1 34 1
1 35 1
1 36 1
1 37 2
1 38 2
1 39 1
1 40 1
1 41 1
1 42 1
1 43 1
1 44 1
1 45 2
1 46 2
1 47 1
1 48 1
1 49 1
1 50 1
1 51 1
1 52 1
1 53 1
1 54 1
1 55 1
1 56 24
1 57 1
1 58 1
1 59 1
1 60 1
1 61 2
1 62 1
1 63 1
1 64 1
1 65 1
1 66 2
1 67 1
1 68 1
1 69 1
1 70 6
1 71 1
1 72 1
1 73 1
1 74 1
1 75 1
1 76 6
1 77 2
1 78 7
1 79 1
1 80 1
1 81 1
1 82 1
1 83 3
1 84 1
1 85 1
1 86 1
1 87 1
1 88 1
1 89 1
1 90 1
1 91 1
1 92 2
1 93 11
1 94 4
1 95 1
1 96 1
1 97 1
1 98 1
1 99 1
1 100 1
1 101 1
1 102 1
1 103 1
1 104 1
1 105 1
1 106 2
1 107 1
1 108 3
1 109 1
1 110 1
1 111 1
1 112 1
1 113 1
1 114 3
1 115 8
1 116 1
1 117 1
1 118 1
1 119 1
1 120 2
1 121 1
1 122 1
1 123 1
1 124 1
1 125 1
1 126 3
1 127 1
1 128 2
1 129 1
1 130 1
1 131 2
1 132 1
1 133 1
1 134 2
1 135 1
1 136 1
1 137 1
1 138 1
1 139 1
1 140 1
1 141 1
1 142 1
1 143 4
1 144 1
1 145 1
1 146 1
1 147 2
1 148 1
1 149 1
1 150 4
1 151 1
1 152 15
1 153 12
1 154 1
1 155 2
1 156 1
1 157 1
1 158 1
1 159 1
1 160 5
1 161 3
1 162 1
1 163 2
1 164 1
1 165 1
1 166 1
1 167 1
1 168 1
1 169 5
