%%MatrixMarket matrix coordinate real general
1 128 128                                         
1 1 1
1 2 1
1 3 15
1 4 1
1 5 6
1 6 1
1 7 1
1 8 2
1 9 1
1 10 1
1 11 1
1 12 1
1 13 1
1 14 1
1 15 2
1 16 1
1 17 1
1 18 1
1 19 3
1 20 2
1 21 1
1 22 1
1 23 1
1 24 1
1 25 1
1 26 1
1 27 1
1 28 1
1 29 1
1 30 1
1 31 1
1 32 1
1 33 1
1 34 1
1 35 4
1 36 10
1 37 1
1 38 1
1 39 1
1 40 4
1 41 2
1 42 2
1 43 1
1 44 1
1 45 1
1 46 1
1 47 1
1 48 3
1 49 1
1 50 1
1 51 1
1 52 1
1 53 1
1 54 1
1 55 1
1 56 1
1 57 1
1 58 2
1 59 1
1 60 2
1 61 2
1 62 1
1 63 3
1 64 1
1 65 1
1 66 1
1 67 2
1 68 1
1 69 1
1 70 2
1 71 6
1 72 1
1 73 1
1 74 2
1 75 12
1 76 1
1 77 2
1 78 1
1 79 1
1 80 1
1 81 2
1 82 1
1 83 2
1 84 3
1 85 3
1 86 4
1 87 1
1 88 8
1 89 1
1 90 1
1 91 1
1 92 3
1 93 3
1 94 1
1 95 5
1 96 1
1 97 3
1 98 1
1 99 1
1 100 2
1 101 4
1 102 1
1 103 1
1 104 1
1 105 3
1 106 4
1 107 1
1 108 1
1 109 1
1 110 1
1 111 2
1 112 3
1 113 2
1 114 1
1 115 1
1 116 7
1 117 3
1 118 5
1 119 1
1 120 1
1 121 1
1 122 1
1 123 8
1 124 1
1 125 2
1 126 5
1 127 4
1 128 1
