%%MatrixMarket matrix coordinate real general
1 113 113                                         
1 1 1
1 2 5
1 3 1
1 4 1
1 5 3
1 6 14
1 7 1
1 8 1
1 9 1
1 10 1
1 11 1
1 12 2
1 13 1
1 14 1
1 15 1
1 16 1
1 17 4
1 18 1
1 19 5
1 20 1
1 21 2
1 22 1
1 23 12
1 24 1
1 25 2
1 26 1
1 27 1
1 28 1
1 29 1
1 30 14
1 31 2
1 32 3
1 33 3
1 34 1
1 35 2
1 36 1
1 37 1
1 38 4
1 39 4
1 40 1
1 41 1
1 42 1
1 43 1
1 44 1
1 45 1
1 46 1
1 47 9
1 48 1
1 49 2
1 50 1
1 51 1
1 52 3
1 53 1
1 54 1
1 55 2
1 56 7
1 57 2
1 58 1
1 59 8
1 60 1
1 61 1
1 62 2
1 63 1
1 64 1
1 65 2
1 66 1
1 67 1
1 68 2
1 69 3
1 70 2
1 71 1
1 72 1
1 73 1
1 74 2
1 75 7
1 76 1
1 77 1
1 78 2
1 79 1
1 80 1
1 81 1
1 82 1
1 83 1
1 84 1
1 85 1
1 86 7
1 87 1
1 88 1
1 89 1
1 90 3
1 91 1
1 92 1
1 93 1
1 94 1
1 95 1
1 96 1
1 97 1
1 98 21
1 99 1
1 100 1
1 101 1
1 102 1
1 103 1
1 104 2
1 105 2
1 106 2
1 107 6
1 108 1
1 109 1
1 110 1
1 111 1
1 112 1
1 113 1
