%%MatrixMarket matrix coordinate real general
1 152 152                                         
1 1 2
1 2 1
1 3 2
1 4 5
1 5 3
1 6 3
1 7 4
1 8 2
1 9 1
1 10 3
1 11 1
1 12 1
1 13 1
1 14 2
1 15 4
1 16 5
1 17 1
1 18 1
1 19 1
1 20 6
1 21 2
1 22 3
1 23 1
1 24 1
1 25 5
1 26 1
1 27 2
1 28 2
1 29 1
1 30 1
1 31 1
1 32 3
1 33 2
1 34 1
1 35 1
1 36 1
1 37 1
1 38 2
1 39 1
1 40 1
1 41 1
1 42 1
1 43 4
1 44 1
1 45 1
1 46 2
1 47 1
1 48 1
1 49 1
1 50 2
1 51 1
1 52 1
1 53 2
1 54 1
1 55 1
1 56 4
1 57 1
1 58 1
1 59 1
1 60 1
1 61 1
1 62 2
1 63 2
1 64 1
1 65 1
1 66 1
1 67 1
1 68 1
1 69 1
1 70 1
1 71 1
1 72 1
1 73 1
1 74 5
1 75 3
1 76 2
1 77 1
1 78 1
1 79 1
1 80 3
1 81 2
1 82 2
1 83 1
1 84 1
1 85 3
1 86 1
1 87 1
1 88 1
1 89 2
1 90 2
1 91 1
1 92 1
1 93 2
1 94 1
1 95 4
1 96 1
1 97 1
1 98 1
1 99 1
1 100 1
1 101 1
1 102 1
1 103 5
1 104 1
1 105 1
1 106 2
1 107 2
1 108 7
1 109 2
1 110 2
1 111 1
1 112 5
1 113 2
1 114 3
1 115 4
1 116 11
1 117 1
1 118 3
1 119 1
1 120 2
1 121 1
1 122 1
1 123 2
1 124 1
1 125 1
1 126 1
1 127 1
1 128 1
1 129 1
1 130 1
1 131 1
1 132 2
1 133 1
1 134 2
1 135 1
1 136 1
1 137 7
1 138 1
1 139 1
1 140 1
1 141 2
1 142 2
1 143 1
1 144 4
1 145 2
1 146 2
1 147 4
1 148 1
1 149 1
1 150 6
1 151 1
1 152 1
