%%MatrixMarket matrix coordinate real general
1 137 137                                         
1 1 1
1 2 1
1 3 1
1 4 1
1 5 1
1 6 1
1 7 1
1 8 1
1 9 1
1 10 12
1 11 4
1 12 1
1 13 1
1 14 4
1 15 1
1 16 1
1 17 2
1 18 2
1 19 1
1 20 1
1 21 4
1 22 1
1 23 1
1 24 1
1 25 1
1 26 2
1 27 1
1 28 1
1 29 1
1 30 1
1 31 1
1 32 1
1 33 1
1 34 1
1 35 1
1 36 1
1 37 1
1 38 1
1 39 4
1 40 1
1 41 3
1 42 1
1 43 1
1 44 1
1 45 1
1 46 1
1 47 1
1 48 2
1 49 1
1 50 2
1 51 1
1 52 2
1 53 1
1 54 1
1 55 1
1 56 1
1 57 1
1 58 2
1 59 3
1 60 1
1 61 1
1 62 1
1 63 3
1 64 1
1 65 1
1 66 1
1 67 1
1 68 1
1 69 4
1 70 1
1 71 2
1 72 1
1 73 1
1 74 1
1 75 1
1 76 1
1 77 1
1 78 2
1 79 1
1 80 4
1 81 1
1 82 4
1 83 1
1 84 1
1 85 1
1 86 1
1 87 1
1 88 1
1 89 1
1 90 1
1 91 2
1 92 1
1 93 1
1 94 1
1 95 1
1 96 1
1 97 3
1 98 1
1 99 1
1 100 1
1 101 2
1 102 1
1 103 2
1 104 1
1 105 1
1 106 1
1 107 1
1 108 1
1 109 2
1 110 1
1 111 8
1 112 1
1 113 1
1 114 8
1 115 1
1 116 1
1 117 1
1 118 1
1 119 1
1 120 3
1 121 1
1 122 1
1 123 1
1 124 1
1 125 1
1 126 2
1 127 1
1 128 1
1 129 1
1 130 1
1 131 13
1 132 2
1 133 1
1 134 4
1 135 3
1 136 1
1 137 1
