%%MatrixMarket matrix coordinate real general
1 86 86                                           
1 1 1
1 2 1
1 3 11
1 4 1
1 5 7
1 6 5
1 7 2
1 8 10
1 9 7
1 10 1
1 11 1
1 12 2
1 13 1
1 14 1
1 15 1
1 16 1
1 17 1
1 18 1
1 19 4
1 20 1
1 21 1
1 22 1
1 23 1
1 24 1
1 25 1
1 26 1
1 27 2
1 28 1
1 29 3
1 30 3
1 31 1
1 32 1
1 33 1
1 34 2
1 35 1
1 36 1
1 37 1
1 38 1
1 39 1
1 40 1
1 41 1
1 42 9
1 43 2
1 44 1
1 45 2
1 46 16
1 47 1
1 48 3
1 49 2
1 50 1
1 51 6
1 52 1
1 53 1
1 54 12
1 55 1
1 56 2
1 57 1
1 58 1
1 59 1
1 60 1
1 61 1
1 62 1
1 63 1
1 64 1
1 65 1
1 66 2
1 67 1
1 68 1
1 69 1
1 70 1
1 71 1
1 72 1
1 73 3
1 74 5
1 75 1
1 76 1
1 77 1
1 78 3
1 79 1
1 80 8
1 81 2
1 82 1
1 83 1
1 84 8
1 85 7
1 86 1
