%%MatrixMarket matrix coordinate real general
1 103 103                                         
1 1 3
1 2 2
1 3 10
1 4 1
1 5 1
1 6 3
1 7 3
1 8 1
1 9 2
1 10 2
1 11 1
1 12 1
1 13 1
1 14 4
1 15 1
1 16 1
1 17 2
1 18 1
1 19 1
1 20 1
1 21 1
1 22 1
1 23 1
1 24 2
1 25 1
1 26 1
1 27 2
1 28 1
1 29 3
1 30 1
1 31 1
1 32 1
1 33 6
1 34 1
1 35 2
1 36 1
1 37 1
1 38 1
1 39 1
1 40 1
1 41 1
1 42 2
1 43 1
1 44 1
1 45 1
1 46 2
1 47 1
1 48 3
1 49 9
1 50 2
1 51 1
1 52 2
1 53 4
1 54 1
1 55 1
1 56 1
1 57 1
1 58 2
1 59 4
1 60 1
1 61 1
1 62 1
1 63 1
1 64 4
1 65 4
1 66 1
1 67 2
1 68 3
1 69 1
1 70 1
1 71 1
1 72 1
1 73 1
1 74 1
1 75 1
1 76 5
1 77 6
1 78 1
1 79 1
1 80 2
1 81 1
1 82 1
1 83 3
1 84 1
1 85 1
1 86 1
1 87 1
1 88 1
1 89 1
1 90 2
1 91 1
1 92 1
1 93 1
1 94 1
1 95 1
1 96 1
1 97 2
1 98 3
1 99 1
1 100 1
1 101 1
1 102 1
1 103 1
