%%MatrixMarket matrix coordinate real general
1 105 105                                         
1 1 1
1 2 1
1 3 1
1 4 1
1 5 1
1 6 2
1 7 4
1 8 2
1 9 1
1 10 1
1 11 2
1 12 2
1 13 1
1 14 1
1 15 1
1 16 1
1 17 1
1 18 1
1 19 1
1 20 2
1 21 1
1 22 1
1 23 1
1 24 2
1 25 1
1 26 2
1 27 2
1 28 1
1 29 2
1 30 1
1 31 1
1 32 1
1 33 1
1 34 1
1 35 8
1 36 2
1 37 1
1 38 2
1 39 2
1 40 2
1 41 1
1 42 1
1 43 4
1 44 1
1 45 1
1 46 1
1 47 1
1 48 1
1 49 1
1 50 1
1 51 1
1 52 1
1 53 1
1 54 2
1 55 1
1 56 4
1 57 2
1 58 1
1 59 1
1 60 1
1 61 1
1 62 3
1 63 1
1 64 1
1 65 1
1 66 1
1 67 2
1 68 2
1 69 1
1 70 1
1 71 1
1 72 1
1 73 6
1 74 1
1 75 1
1 76 1
1 77 1
1 78 1
1 79 1
1 80 1
1 81 1
1 82 1
1 83 1
1 84 1
1 85 1
1 86 1
1 87 4
1 88 1
1 89 8
1 90 6
1 91 1
1 92 1
1 93 1
1 94 3
1 95 2
1 96 1
1 97 5
1 98 1
1 99 2
1 100 1
1 101 2
1 102 1
1 103 1
1 104 1
1 105 1
