%%MatrixMarket matrix coordinate real general
1 138 138                                         
1 1 1
1 2 2
1 3 1
1 4 6
1 5 2
1 6 1
1 7 1
1 8 6
1 9 3
1 10 2
1 11 3
1 12 1
1 13 1
1 14 2
1 15 1
1 16 1
1 17 7
1 18 1
1 19 5
1 20 3
1 21 4
1 22 1
1 23 2
1 24 1
1 25 7
1 26 2
1 27 1
1 28 1
1 29 4
1 30 1
1 31 1
1 32 3
1 33 1
1 34 1
1 35 1
1 36 1
1 37 3
1 38 1
1 39 1
1 40 1
1 41 1
1 42 1
1 43 1
1 44 2
1 45 2
1 46 1
1 47 1
1 48 1
1 49 2
1 50 18
1 51 10
1 52 1
1 53 1
1 54 1
1 55 2
1 56 2
1 57 1
1 58 2
1 59 1
1 60 1
1 61 1
1 62 5
1 63 4
1 64 4
1 65 1
1 66 1
1 67 2
1 68 2
1 69 1
1 70 1
1 71 1
1 72 1
1 73 1
1 74 2
1 75 2
1 76 1
1 77 1
1 78 1
1 79 1
1 80 1
1 81 1
1 82 1
1 83 1
1 84 6
1 85 1
1 86 2
1 87 1
1 88 1
1 89 1
1 90 1
1 91 1
1 92 2
1 93 1
1 94 1
1 95 1
1 96 1
1 97 2
1 98 1
1 99 1
1 100 1
1 101 1
1 102 1
1 103 1
1 104 1
1 105 1
1 106 2
1 107 1
1 108 1
1 109 1
1 110 1
1 111 1
1 112 2
1 113 1
1 114 3
1 115 1
1 116 1
1 117 1
1 118 16
1 119 2
1 120 1
1 121 10
1 122 2
1 123 1
1 124 5
1 125 1
1 126 1
1 127 1
1 128 2
1 129 2
1 130 5
1 131 2
1 132 5
1 133 3
1 134 2
1 135 2
1 136 1
1 137 1
1 138 1
