%%MatrixMarket matrix coordinate real general
1 82 82                                           
1 1 1
1 2 2
1 3 1
1 4 4
1 5 1
1 6 1
1 7 1
1 8 1
1 9 1
1 10 1
1 11 2
1 12 1
1 13 2
1 14 1
1 15 1
1 16 1
1 17 2
1 18 2
1 19 1
1 20 1
1 21 1
1 22 1
1 23 1
1 24 1
1 25 1
1 26 1
1 27 1
1 28 1
1 29 1
1 30 5
1 31 1
1 32 3
1 33 4
1 34 1
1 35 1
1 36 1
1 37 2
1 38 1
1 39 1
1 40 1
1 41 1
1 42 1
1 43 1
1 44 1
1 45 1
1 46 1
1 47 3
1 48 1
1 49 1
1 50 1
1 51 1
1 52 1
1 53 1
1 54 1
1 55 1
1 56 2
1 57 2
1 58 1
1 59 1
1 60 1
1 61 2
1 62 1
1 63 1
1 64 1
1 65 1
1 66 1
1 67 1
1 68 1
1 69 1
1 70 1
1 71 1
1 72 6
1 73 4
1 74 1
1 75 1
1 76 1
1 77 1
1 78 1
1 79 1
1 80 1
1 81 2
1 82 1
