%%MatrixMarket matrix coordinate real general
1 130 130                                         
1 1 1
1 2 2
1 3 1
1 4 10
1 5 1
1 6 1
1 7 9
1 8 1
1 9 1
1 10 1
1 11 1
1 12 1
1 13 1
1 14 1
1 15 1
1 16 1
1 17 1
1 18 1
1 19 1
1 20 3
1 21 1
1 22 1
1 23 2
1 24 2
1 25 1
1 26 1
1 27 3
1 28 8
1 29 1
1 30 1
1 31 1
1 32 1
1 33 1
1 34 1
1 35 1
1 36 1
1 37 1
1 38 1
1 39 1
1 40 3
1 41 3
1 42 1
1 43 1
1 44 1
1 45 2
1 46 1
1 47 1
1 48 1
1 49 8
1 50 1
1 51 1
1 52 1
1 53 1
1 54 1
1 55 1
1 56 1
1 57 1
1 58 2
1 59 2
1 60 1
1 61 1
1 62 1
1 63 1
1 64 2
1 65 1
1 66 1
1 67 1
1 68 1
1 69 1
1 70 2
1 71 1
1 72 1
1 73 1
1 74 1
1 75 1
1 76 1
1 77 1
1 78 4
1 79 1
1 80 1
1 81 4
1 82 2
1 83 1
1 84 1
1 85 2
1 86 2
1 87 1
1 88 1
1 89 1
1 90 1
1 91 1
1 92 1
1 93 1
1 94 5
1 95 1
1 96 1
1 97 12
1 98 1
1 99 1
1 100 1
1 101 3
1 102 1
1 103 10
1 104 2
1 105 2
1 106 1
1 107 2
1 108 1
1 109 1
1 110 1
1 111 1
1 112 1
1 113 1
1 114 2
1 115 1
1 116 4
1 117 1
1 118 1
1 119 1
1 120 1
1 121 1
1 122 1
1 123 2
1 124 2
1 125 2
1 126 2
1 127 1
1 128 1
1 129 2
1 130 1
