%%MatrixMarket matrix coordinate real general
1 69 69                                           
1 1 2
1 2 1
1 3 2
1 4 1
1 5 4
1 6 2
1 7 1
1 8 1
1 9 1
1 10 1
1 11 2
1 12 1
1 13 1
1 14 1
1 15 4
1 16 2
1 17 1
1 18 1
1 19 1
1 20 1
1 21 1
1 22 1
1 23 3
1 24 1
1 25 2
1 26 1
1 27 1
1 28 6
1 29 1
1 30 5
1 31 1
1 32 3
1 33 1
1 34 1
1 35 1
1 36 2
1 37 1
1 38 1
1 39 2
1 40 2
1 41 1
1 42 1
1 43 1
1 44 1
1 45 1
1 46 1
1 47 1
1 48 1
1 49 1
1 50 1
1 51 1
1 52 1
1 53 1
1 54 1
1 55 1
1 56 2
1 57 4
1 58 4
1 59 1
1 60 2
1 61 1
1 62 1
1 63 2
1 64 1
1 65 1
1 66 1
1 67 1
1 68 1
1 69 1
