%%MatrixMarket matrix coordinate real general
1 98 98                                           
1 1 1
1 2 1
1 3 3
1 4 1
1 5 1
1 6 1
1 7 2
1 8 1
1 9 1
1 10 1
1 11 1
1 12 1
1 13 1
1 14 1
1 15 1
1 16 1
1 17 1
1 18 1
1 19 1
1 20 2
1 21 1
1 22 1
1 23 1
1 24 1
1 25 1
1 26 1
1 27 1
1 28 1
1 29 1
1 30 1
1 31 1
1 32 1
1 33 1
1 34 2
1 35 1
1 36 1
1 37 1
1 38 1
1 39 1
1 40 1
1 41 1
1 42 3
1 43 1
1 44 1
1 45 1
1 46 4
1 47 1
1 48 2
1 49 1
1 50 1
1 51 2
1 52 1
1 53 1
1 54 1
1 55 1
1 56 2
1 57 10
1 58 1
1 59 1
1 60 1
1 61 1
1 62 1
1 63 1
1 64 1
1 65 1
1 66 1
1 67 1
1 68 1
1 69 1
1 70 6
1 71 1
1 72 8
1 73 1
1 74 4
1 75 6
1 76 3
1 77 1
1 78 2
1 79 1
1 80 2
1 81 10
1 82 1
1 83 1
1 84 1
1 85 1
1 86 1
1 87 1
1 88 5
1 89 1
1 90 3
1 91 1
1 92 4
1 93 2
1 94 1
1 95 2
1 96 4
1 97 1
1 98 1
