%%MatrixMarket matrix coordinate real general
1 77 77                                           
1 1 1
1 2 1
1 3 7
1 4 3
1 5 1
1 6 1
1 7 5
1 8 1
1 9 1
1 10 1
1 11 1
1 12 4
1 13 1
1 14 1
1 15 1
1 16 1
1 17 2
1 18 1
1 19 1
1 20 1
1 21 1
1 22 1
1 23 1
1 24 2
1 25 1
1 26 1
1 27 1
1 28 1
1 29 1
1 30 2
1 31 3
1 32 1
1 33 1
1 34 1
1 35 1
1 36 1
1 37 4
1 38 1
1 39 2
1 40 1
1 41 1
1 42 1
1 43 1
1 44 1
1 45 1
1 46 2
1 47 1
1 48 3
1 49 1
1 50 1
1 51 1
1 52 1
1 53 1
1 54 1
1 55 1
1 56 1
1 57 1
1 58 1
1 59 4
1 60 1
1 61 1
1 62 1
1 63 1
1 64 1
1 65 3
1 66 1
1 67 1
1 68 1
1 69 2
1 70 1
1 71 2
1 72 1
1 73 19
1 74 2
1 75 1
1 76 4
1 77 1
