%%MatrixMarket matrix coordinate real general
1 167 167                                         
1 1 1
1 2 2
1 3 4
1 4 1
1 5 6
1 6 5
1 7 2
1 8 1
1 9 15
1 10 1
1 11 1
1 12 2
1 13 1
1 14 2
1 15 2
1 16 2
1 17 2
1 18 1
1 19 1
1 20 3
1 21 1
1 22 3
1 23 1
1 24 1
1 25 1
1 26 21
1 27 4
1 28 9
1 29 3
1 30 1
1 31 1
1 32 1
1 33 1
1 34 2
1 35 1
1 36 3
1 37 1
1 38 1
1 39 3
1 40 1
1 41 7
1 42 1
1 43 1
1 44 1
1 45 3
1 46 3
1 47 2
1 48 3
1 49 1
1 50 2
1 51 1
1 52 2
1 53 1
1 54 2
1 55 2
1 56 2
1 57 23
1 58 1
1 59 1
1 60 1
1 61 1
1 62 4
1 63 1
1 64 1
1 65 1
1 66 1
1 67 1
1 68 2
1 69 3
1 70 1
1 71 1
1 72 1
1 73 1
1 74 1
1 75 1
1 76 6
1 77 1
1 78 1
1 79 1
1 80 2
1 81 1
1 82 2
1 83 2
1 84 2
1 85 1
1 86 2
1 87 2
1 88 1
1 89 1
1 90 1
1 91 2
1 92 1
1 93 1
1 94 1
1 95 1
1 96 1
1 97 2
1 98 1
1 99 1
1 100 1
1 101 1
1 102 1
1 103 2
1 104 6
1 105 1
1 106 1
1 107 2
1 108 2
1 109 3
1 110 1
1 111 2
1 112 1
1 113 1
1 114 1
1 115 1
1 116 1
1 117 1
1 118 1
1 119 1
1 120 2
1 121 1
1 122 3
1 123 7
1 124 1
1 125 1
1 126 1
1 127 4
1 128 6
1 129 3
1 130 2
1 131 1
1 132 3
1 133 1
1 134 20
1 135 1
1 136 2
1 137 1
1 138 1
1 139 1
1 140 1
1 141 1
1 142 1
1 143 2
1 144 1
1 145 2
1 146 1
1 147 1
1 148 1
1 149 3
1 150 1
1 151 2
1 152 1
1 153 1
1 154 4
1 155 1
1 156 1
1 157 1
1 158 1
1 159 2
1 160 3
1 161 1
1 162 1
1 163 1
1 164 2
1 165 1
1 166 1
1 167 1
