%%MatrixMarket matrix coordinate real general
1 64 64                                           
1 1 1
1 2 1
1 3 1
1 4 1
1 5 1
1 6 5
1 7 1
1 8 1
1 9 1
1 10 4
1 11 1
1 12 7
1 13 2
1 14 1
1 15 1
1 16 3
1 17 2
1 18 1
1 19 1
1 20 1
1 21 1
1 22 1
1 23 1
1 24 1
1 25 1
1 26 1
1 27 1
1 28 1
1 29 2
1 30 2
1 31 2
1 32 1
1 33 1
1 34 4
1 35 1
1 36 1
1 37 1
1 38 2
1 39 3
1 40 1
1 41 1
1 42 1
1 43 1
1 44 1
1 45 1
1 46 2
1 47 2
1 48 2
1 49 2
1 50 1
1 51 1
1 52 2
1 53 1
1 54 5
1 55 2
1 56 1
1 57 1
1 58 2
1 59 1
1 60 1
1 61 1
1 62 1
1 63 1
1 64 1
