%%MatrixMarket matrix coordinate real general
1 132 132                                         
1 1 1
1 2 1
1 3 2
1 4 1
1 5 2
1 6 12
1 7 2
1 8 1
1 9 1
1 10 1
1 11 1
1 12 9
1 13 1
1 14 2
1 15 3
1 16 1
1 17 4
1 18 1
1 19 3
1 20 1
1 21 2
1 22 1
1 23 1
1 24 12
1 25 1
1 26 1
1 27 2
1 28 1
1 29 2
1 30 1
1 31 3
1 32 1
1 33 2
1 34 1
1 35 1
1 36 2
1 37 1
1 38 5
1 39 2
1 40 1
1 41 3
1 42 2
1 43 1
1 44 1
1 45 1
1 46 1
1 47 1
1 48 1
1 49 1
1 50 1
1 51 1
1 52 8
1 53 1
1 54 2
1 55 2
1 56 1
1 57 2
1 58 1
1 59 3
1 60 1
1 61 1
1 62 1
1 63 1
1 64 9
1 65 3
1 66 3
1 67 1
1 68 2
1 69 6
1 70 2
1 71 1
1 72 1
1 73 1
1 74 1
1 75 1
1 76 2
1 77 2
1 78 1
1 79 1
1 80 2
1 81 1
1 82 2
1 83 1
1 84 1
1 85 1
1 86 1
1 87 4
1 88 1
1 89 1
1 90 9
1 91 1
1 92 3
1 93 7
1 94 1
1 95 2
1 96 1
1 97 1
1 98 1
1 99 1
1 100 2
1 101 1
1 102 1
1 103 2
1 104 1
1 105 2
1 106 1
1 107 1
1 108 3
1 109 1
1 110 1
1 111 1
1 112 1
1 113 1
1 114 1
1 115 1
1 116 1
1 117 1
1 118 1
1 119 1
1 120 6
1 121 4
1 122 26
1 123 1
1 124 1
1 125 1
1 126 1
1 127 3
1 128 2
1 129 21
1 130 1
1 131 1
1 132 1
