%%MatrixMarket matrix coordinate real general
1 112 112                                         
1 1 2
1 2 2
1 3 3
1 4 10
1 5 1
1 6 3
1 7 27
1 8 1
1 9 2
1 10 1
1 11 1
1 12 2
1 13 1
1 14 1
1 15 1
1 16 5
1 17 5
1 18 1
1 19 1
1 20 2
1 21 1
1 22 1
1 23 1
1 24 1
1 25 1
1 26 1
1 27 1
1 28 1
1 29 1
1 30 2
1 31 2
1 32 3
1 33 1
1 34 2
1 35 4
1 36 1
1 37 1
1 38 2
1 39 2
1 40 1
1 41 1
1 42 2
1 43 1
1 44 1
1 45 1
1 46 1
1 47 1
1 48 2
1 49 2
1 50 1
1 51 1
1 52 3
1 53 3
1 54 1
1 55 2
1 56 2
1 57 1
1 58 1
1 59 3
1 60 1
1 61 1
1 62 1
1 63 2
1 64 1
1 65 1
1 66 2
1 67 12
1 68 1
1 69 1
1 70 1
1 71 1
1 72 3
1 73 1
1 74 2
1 75 1
1 76 1
1 77 7
1 78 2
1 79 1
1 80 1
1 81 1
1 82 1
1 83 1
1 84 1
1 85 1
1 86 1
1 87 1
1 88 1
1 89 1
1 90 3
1 91 1
1 92 2
1 93 1
1 94 1
1 95 1
1 96 1
1 97 1
1 98 1
1 99 1
1 100 9
1 101 1
1 102 1
1 103 3
1 104 2
1 105 8
1 106 1
1 107 4
1 108 1
1 109 16
1 110 8
1 111 1
1 112 2
