%%MatrixMarket matrix coordinate real general
1 150 150                                         
1 1 1
1 2 2
1 3 1
1 4 1
1 5 8
1 6 3
1 7 1
1 8 1
1 9 11
1 10 3
1 11 3
1 12 3
1 13 3
1 14 3
1 15 1
1 16 1
1 17 5
1 18 2
1 19 1
1 20 1
1 21 1
1 22 2
1 23 1
1 24 2
1 25 1
1 26 1
1 27 1
1 28 1
1 29 2
1 30 1
1 31 1
1 32 1
1 33 11
1 34 1
1 35 1
1 36 1
1 37 1
1 38 1
1 39 1
1 40 8
1 41 1
1 42 3
1 43 1
1 44 2
1 45 1
1 46 1
1 47 1
1 48 1
1 49 2
1 50 1
1 51 2
1 52 1
1 53 1
1 54 2
1 55 1
1 56 1
1 57 1
1 58 1
1 59 1
1 60 1
1 61 1
1 62 15
1 63 4
1 64 1
1 65 1
1 66 4
1 67 1
1 68 1
1 69 1
1 70 2
1 71 1
1 72 6
1 73 1
1 74 5
1 75 3
1 76 3
1 77 1
1 78 1
1 79 1
1 80 1
1 81 1
1 82 1
1 83 3
1 84 1
1 85 2
1 86 6
1 87 2
1 88 1
1 89 3
1 90 1
1 91 1
1 92 3
1 93 1
1 94 1
1 95 1
1 96 1
1 97 3
1 98 1
1 99 1
1 100 1
1 101 1
1 102 5
1 103 3
1 104 7
1 105 2
1 106 3
1 107 4
1 108 2
1 109 1
1 110 1
1 111 1
1 112 2
1 113 3
1 114 1
1 115 10
1 116 1
1 117 7
1 118 1
1 119 1
1 120 2
1 121 1
1 122 1
1 123 1
1 124 2
1 125 1
1 126 1
1 127 6
1 128 1
1 129 5
1 130 2
1 131 2
1 132 2
1 133 1
1 134 4
1 135 1
1 136 1
1 137 2
1 138 1
1 139 1
1 140 1
1 141 1
1 142 3
1 143 1
1 144 1
1 145 1
1 146 1
1 147 1
1 148 4
1 149 1
1 150 1
