%%MatrixMarket matrix coordinate real general
1 158 158                                         
1 1 1
1 2 1
1 3 1
1 4 2
1 5 3
1 6 7
1 7 2
1 8 1
1 9 1
1 10 1
1 11 1
1 12 2
1 13 3
1 14 3
1 15 1
1 16 3
1 17 1
1 18 10
1 19 1
1 20 1
1 21 5
1 22 1
1 23 1
1 24 1
1 25 1
1 26 1
1 27 1
1 28 2
1 29 6
1 30 1
1 31 1
1 32 1
1 33 3
1 34 1
1 35 2
1 36 1
1 37 1
1 38 1
1 39 2
1 40 1
1 41 1
1 42 2
1 43 1
1 44 1
1 45 1
1 46 1
1 47 2
1 48 1
1 49 1
1 50 1
1 51 1
1 52 1
1 53 1
1 54 1
1 55 1
1 56 1
1 57 1
1 58 1
1 59 4
1 60 2
1 61 2
1 62 1
1 63 24
1 64 1
1 65 1
1 66 1
1 67 1
1 68 1
1 69 3
1 70 1
1 71 1
1 72 1
1 73 1
1 74 1
1 75 1
1 76 1
1 77 1
1 78 3
1 79 2
1 80 1
1 81 1
1 82 1
1 83 1
1 84 1
1 85 1
1 86 2
1 87 1
1 88 3
1 89 1
1 90 1
1 91 1
1 92 5
1 93 1
1 94 1
1 95 1
1 96 2
1 97 1
1 98 1
1 99 1
1 100 1
1 101 1
1 102 1
1 103 1
1 104 8
1 105 2
1 106 1
1 107 1
1 108 1
1 109 2
1 110 1
1 111 1
1 112 1
1 113 4
1 114 2
1 115 1
1 116 1
1 117 1
1 118 5
1 119 4
1 120 1
1 121 1
1 122 1
1 123 1
1 124 1
1 125 1
1 126 2
1 127 1
1 128 1
1 129 1
1 130 10
1 131 2
1 132 1
1 133 1
1 134 1
1 135 2
1 136 1
1 137 1
1 138 1
1 139 1
1 140 6
1 141 2
1 142 1
1 143 1
1 144 2
1 145 1
1 146 1
1 147 1
1 148 1
1 149 1
1 150 2
1 151 1
1 152 1
1 153 1
1 154 3
1 155 3
1 156 1
1 157 1
1 158 1
