%%MatrixMarket matrix coordinate real general
1 137 137                                         
1 1 1
1 2 1
1 3 1
1 4 1
1 5 2
1 6 8
1 7 2
1 8 6
1 9 9
1 10 1
1 11 1
1 12 1
1 13 1
1 14 2
1 15 1
1 16 4
1 17 1
1 18 1
1 19 1
1 20 1
1 21 2
1 22 2
1 23 2
1 24 1
1 25 1
1 26 4
1 27 2
1 28 1
1 29 3
1 30 1
1 31 1
1 32 1
1 33 1
1 34 1
1 35 1
1 36 1
1 37 1
1 38 1
1 39 1
1 40 1
1 41 1
1 42 1
1 43 1
1 44 26
1 45 1
1 46 1
1 47 2
1 48 2
1 49 1
1 50 2
1 51 2
1 52 1
1 53 1
1 54 1
1 55 1
1 56 2
1 57 1
1 58 1
1 59 12
1 60 1
1 61 2
1 62 1
1 63 1
1 64 1
1 65 2
1 66 1
1 67 1
1 68 1
1 69 2
1 70 1
1 71 1
1 72 4
1 73 1
1 74 1
1 75 1
1 76 1
1 77 1
1 78 1
1 79 2
1 80 1
1 81 2
1 82 1
1 83 7
1 84 1
1 85 1
1 86 5
1 87 1
1 88 1
1 89 1
1 90 1
1 91 1
1 92 1
1 93 4
1 94 2
1 95 1
1 96 2
1 97 1
1 98 1
1 99 1
1 100 3
1 101 1
1 102 2
1 103 1
1 104 1
1 105 1
1 106 1
1 107 1
1 108 3
1 109 1
1 110 2
1 111 1
1 112 1
1 113 1
1 114 1
1 115 1
1 116 1
1 117 2
1 118 1
1 119 1
1 120 5
1 121 1
1 122 3
1 123 1
1 124 1
1 125 2
1 126 1
1 127 6
1 128 2
1 129 2
1 130 1
1 131 1
1 132 1
1 133 1
1 134 2
1 135 1
1 136 2
1 137 1
