%%MatrixMarket matrix coordinate real general
1 149 149                                         
1 1 1
1 2 1
1 3 1
1 4 1
1 5 2
1 6 6
1 7 3
1 8 1
1 9 1
1 10 3
1 11 1
1 12 5
1 13 2
1 14 1
1 15 1
1 16 2
1 17 1
1 18 1
1 19 1
1 20 1
1 21 1
1 22 2
1 23 2
1 24 1
1 25 1
1 26 2
1 27 1
1 28 1
1 29 2
1 30 1
1 31 2
1 32 1
1 33 1
1 34 1
1 35 1
1 36 1
1 37 1
1 38 2
1 39 1
1 40 1
1 41 1
1 42 2
1 43 3
1 44 1
1 45 1
1 46 1
1 47 1
1 48 6
1 49 2
1 50 2
1 51 1
1 52 3
1 53 1
1 54 2
1 55 1
1 56 1
1 57 1
1 58 1
1 59 4
1 60 1
1 61 1
1 62 1
1 63 1
1 64 4
1 65 1
1 66 1
1 67 1
1 68 1
1 69 1
1 70 1
1 71 1
1 72 1
1 73 1
1 74 1
1 75 1
1 76 3
1 77 2
1 78 2
1 79 1
1 80 22
1 81 1
1 82 1
1 83 2
1 84 1
1 85 4
1 86 1
1 87 1
1 88 1
1 89 2
1 90 1
1 91 1
1 92 3
1 93 1
1 94 10
1 95 1
1 96 1
1 97 1
1 98 1
1 99 9
1 100 1
1 101 1
1 102 1
1 103 1
1 104 2
1 105 1
1 106 1
1 107 1
1 108 2
1 109 1
1 110 1
1 111 1
1 112 3
1 113 1
1 114 1
1 115 1
1 116 1
1 117 1
1 118 1
1 119 1
1 120 1
1 121 1
1 122 1
1 123 1
1 124 1
1 125 1
1 126 1
1 127 1
1 128 1
1 129 1
1 130 1
1 131 11
1 132 4
1 133 3
1 134 2
1 135 1
1 136 1
1 137 2
1 138 1
1 139 1
1 140 1
1 141 1
1 142 2
1 143 2
1 144 1
1 145 1
1 146 1
1 147 2
1 148 1
1 149 1
