%%MatrixMarket matrix coordinate real general
1 230 230                                         
1 1 1
1 2 2
1 3 1
1 4 1
1 5 1
1 6 1
1 7 4
1 8 1
1 9 1
1 10 2
1 11 8
1 12 2
1 13 4
1 14 8
1 15 1
1 16 3
1 17 1
1 18 2
1 19 1
1 20 1
1 21 2
1 22 8
1 23 1
1 24 1
1 25 2
1 26 1
1 27 1
1 28 1
1 29 1
1 30 4
1 31 3
1 32 1
1 33 3
1 34 1
1 35 1
1 36 2
1 37 10
1 38 1
1 39 1
1 40 2
1 41 2
1 42 4
1 43 4
1 44 1
1 45 2
1 46 1
1 47 2
1 48 1
1 49 1
1 50 1
1 51 1
1 52 1
1 53 1
1 54 1
1 55 1
1 56 1
1 57 1
1 58 1
1 59 2
1 60 1
1 61 1
1 62 1
1 63 4
1 64 5
1 65 1
1 66 1
1 67 1
1 68 1
1 69 1
1 70 1
1 71 1
1 72 2
1 73 2
1 74 1
1 75 1
1 76 1
1 77 3
1 78 2
1 79 1
1 80 1
1 81 1
1 82 9
1 83 1
1 84 7
1 85 1
1 86 1
1 87 1
1 88 5
1 89 4
1 90 1
1 91 1
1 92 5
1 93 4
1 94 1
1 95 1
1 96 1
1 97 1
1 98 1
1 99 1
1 100 1
1 101 7
1 102 2
1 103 1
1 104 1
1 105 1
1 106 8
1 107 1
1 108 4
1 109 1
1 110 2
1 111 8
1 112 1
1 113 3
1 114 2
1 115 4
1 116 1
1 117 1
1 118 1
1 119 1
1 120 1
1 121 1
1 122 1
1 123 2
1 124 1
1 125 1
1 126 1
1 127 2
1 128 1
1 129 1
1 130 1
1 131 3
1 132 1
1 133 2
1 134 1
1 135 7
1 136 1
1 137 1
1 138 1
1 139 3
1 140 4
1 141 5
1 142 1
1 143 1
1 144 1
1 145 1
1 146 1
1 147 3
1 148 1
1 149 1
1 150 2
1 151 1
1 152 2
1 153 1
1 154 3
1 155 1
1 156 7
1 157 1
1 158 5
1 159 1
1 160 4
1 161 3
1 162 1
1 163 1
1 164 1
1 165 1
1 166 2
1 167 1
1 168 5
1 169 3
1 170 1
1 171 4
1 172 9
1 173 1
1 174 1
1 175 4
1 176 1
1 177 1
1 178 8
1 179 4
1 180 2
1 181 1
1 182 2
1 183 1
1 184 1
1 185 1
1 186 1
1 187 1
1 188 1
1 189 1
1 190 7
1 191 1
1 192 1
1 193 1
1 194 1
1 195 2
1 196 2
1 197 5
1 198 2
1 199 1
1 200 5
1 201 2
1 202 1
1 203 1
1 204 3
1 205 2
1 206 1
1 207 1
1 208 6
1 209 1
1 210 1
1 211 4
1 212 9
1 213 1
1 214 1
1 215 1
1 216 4
1 217 3
1 218 3
1 219 1
1 220 6
1 221 1
1 222 5
1 223 1
1 224 3
1 225 1
1 226 1
1 227 12
1 228 2
1 229 1
1 230 1
