%%MatrixMarket matrix coordinate real general
1 72 72                                           
1 1 1
1 2 1
1 3 1
1 4 3
1 5 2
1 6 3
1 7 7
1 8 1
1 9 3
1 10 1
1 11 1
1 12 1
1 13 2
1 14 1
1 15 1
1 16 1
1 17 1
1 18 1
1 19 1
1 20 1
1 21 1
1 22 1
1 23 2
1 24 1
1 25 1
1 26 1
1 27 1
1 28 4
1 29 1
1 30 2
1 31 1
1 32 1
1 33 1
1 34 2
1 35 5
1 36 1
1 37 1
1 38 1
1 39 1
1 40 1
1 41 1
1 42 1
1 43 4
1 44 1
1 45 1
1 46 1
1 47 1
1 48 1
1 49 3
1 50 1
1 51 5
1 52 1
1 53 1
1 54 4
1 55 3
1 56 3
1 57 4
1 58 1
1 59 2
1 60 1
1 61 1
1 62 1
1 63 1
1 64 1
1 65 1
1 66 5
1 67 1
1 68 5
1 69 1
1 70 1
1 71 2
1 72 1
