%%MatrixMarket matrix coordinate real general
1 164 164                                         
1 1 3
1 2 1
1 3 1
1 4 1
1 5 7
1 6 1
1 7 1
1 8 1
1 9 1
1 10 1
1 11 5
1 12 1
1 13 2
1 14 1
1 15 1
1 16 1
1 17 1
1 18 2
1 19 1
1 20 1
1 21 2
1 22 6
1 23 2
1 24 2
1 25 1
1 26 22
1 27 1
1 28 1
1 29 3
1 30 3
1 31 1
1 32 1
1 33 2
1 34 1
1 35 4
1 36 1
1 37 1
1 38 1
1 39 1
1 40 1
1 41 1
1 42 1
1 43 1
1 44 1
1 45 1
1 46 1
1 47 2
1 48 1
1 49 1
1 50 2
1 51 1
1 52 1
1 53 2
1 54 1
1 55 4
1 56 2
1 57 2
1 58 1
1 59 1
1 60 2
1 61 1
1 62 4
1 63 1
1 64 1
1 65 1
1 66 1
1 67 1
1 68 1
1 69 1
1 70 1
1 71 6
1 72 1
1 73 1
1 74 4
1 75 1
1 76 2
1 77 2
1 78 2
1 79 1
1 80 1
1 81 1
1 82 1
1 83 1
1 84 1
1 85 1
1 86 2
1 87 1
1 88 1
1 89 1
1 90 2
1 91 1
1 92 3
1 93 1
1 94 2
1 95 1
1 96 2
1 97 1
1 98 1
1 99 1
1 100 2
1 101 2
1 102 1
1 103 1
1 104 1
1 105 3
1 106 1
1 107 2
1 108 1
1 109 2
1 110 2
1 111 1
1 112 1
1 113 1
1 114 1
1 115 3
1 116 1
1 117 2
1 118 1
1 119 1
1 120 1
1 121 1
1 122 1
1 123 1
1 124 2
1 125 1
1 126 1
1 127 5
1 128 6
1 129 10
1 130 2
1 131 1
1 132 1
1 133 1
1 134 1
1 135 1
1 136 2
1 137 1
1 138 1
1 139 1
1 140 1
1 141 1
1 142 1
1 143 1
1 144 1
1 145 1
1 146 3
1 147 1
1 148 1
1 149 1
1 150 1
1 151 1
1 152 1
1 153 4
1 154 4
1 155 1
1 156 2
1 157 1
1 158 1
1 159 1
1 160 1
1 161 1
1 162 1
1 163 1
1 164 3
