%%MatrixMarket matrix coordinate real general
1 174 174                                         
1 1 1
1 2 1
1 3 19
1 4 2
1 5 2
1 6 2
1 7 1
1 8 3
1 9 1
1 10 4
1 11 3
1 12 1
1 13 8
1 14 1
1 15 4
1 16 1
1 17 2
1 18 7
1 19 1
1 20 1
1 21 1
1 22 1
1 23 1
1 24 2
1 25 1
1 26 1
1 27 1
1 28 1
1 29 1
1 30 1
1 31 1
1 32 3
1 33 1
1 34 1
1 35 2
1 36 1
1 37 1
1 38 1
1 39 1
1 40 1
1 41 1
1 42 1
1 43 1
1 44 1
1 45 1
1 46 1
1 47 2
1 48 1
1 49 1
1 50 2
1 51 1
1 52 1
1 53 1
1 54 1
1 55 1
1 56 1
1 57 1
1 58 1
1 59 3
1 60 1
1 61 1
1 62 2
1 63 2
1 64 2
1 65 6
1 66 1
1 67 2
1 68 1
1 69 3
1 70 1
1 71 3
1 72 1
1 73 2
1 74 1
1 75 1
1 76 1
1 77 2
1 78 1
1 79 1
1 80 1
1 81 1
1 82 1
1 83 1
1 84 1
1 85 2
1 86 1
1 87 1
1 88 1
1 89 1
1 90 1
1 91 1
1 92 1
1 93 1
1 94 1
1 95 4
1 96 1
1 97 1
1 98 2
1 99 1
1 100 1
1 101 2
1 102 1
1 103 1
1 104 1
1 105 2
1 106 1
1 107 1
1 108 1
1 109 1
1 110 1
1 111 1
1 112 3
1 113 1
1 114 1
1 115 1
1 116 4
1 117 2
1 118 2
1 119 1
1 120 3
1 121 1
1 122 1
1 123 1
1 124 1
1 125 3
1 126 2
1 127 2
1 128 1
1 129 2
1 130 1
1 131 1
1 132 1
1 133 1
1 134 1
1 135 10
1 136 2
1 137 1
1 138 1
1 139 1
1 140 1
1 141 1
1 142 5
1 143 1
1 144 2
1 145 1
1 146 1
1 147 1
1 148 1
1 149 1
1 150 1
1 151 1
1 152 1
1 153 1
1 154 1
1 155 2
1 156 1
1 157 1
1 158 1
1 159 1
1 160 1
1 161 1
1 162 1
1 163 1
1 164 2
1 165 1
1 166 1
1 167 2
1 168 1
1 169 7
1 170 2
1 171 1
1 172 1
1 173 2
1 174 5
