%%MatrixMarket matrix coordinate real general
1 73 73                                           
1 1 1
1 2 3
1 3 5
1 4 1
1 5 4
1 6 1
1 7 1
1 8 5
1 9 2
1 10 1
1 11 1
1 12 2
1 13 1
1 14 4
1 15 1
1 16 1
1 17 2
1 18 3
1 19 1
1 20 1
1 21 1
1 22 4
1 23 1
1 24 6
1 25 5
1 26 1
1 27 2
1 28 1
1 29 1
1 30 1
1 31 1
1 32 2
1 33 3
1 34 2
1 35 1
1 36 1
1 37 1
1 38 1
1 39 1
1 40 1
1 41 1
1 42 1
1 43 1
1 44 1
1 45 1
1 46 1
1 47 5
1 48 1
1 49 1
1 50 1
1 51 1
1 52 2
1 53 2
1 54 1
1 55 1
1 56 3
1 57 1
1 58 1
1 59 2
1 60 1
1 61 1
1 62 1
1 63 1
1 64 1
1 65 4
1 66 1
1 67 1
1 68 3
1 69 3
1 70 5
1 71 2
1 72 4
1 73 1
