%%MatrixMarket matrix coordinate real general
1 87 87                                           
1 1 5
1 2 1
1 3 1
1 4 1
1 5 3
1 6 1
1 7 5
1 8 1
1 9 7
1 10 1
1 11 1
1 12 1
1 13 2
1 14 1
1 15 1
1 16 1
1 17 1
1 18 2
1 19 2
1 20 13
1 21 2
1 22 5
1 23 1
1 24 1
1 25 4
1 26 1
1 27 1
1 28 1
1 29 1
1 30 1
1 31 1
1 32 1
1 33 1
1 34 1
1 35 1
1 36 1
1 37 1
1 38 3
1 39 1
1 40 1
1 41 1
1 42 2
1 43 1
1 44 2
1 45 1
1 46 3
1 47 1
1 48 1
1 49 1
1 50 1
1 51 1
1 52 1
1 53 3
1 54 1
1 55 2
1 56 1
1 57 1
1 58 1
1 59 1
1 60 1
1 61 1
1 62 1
1 63 2
1 64 4
1 65 2
1 66 1
1 67 1
1 68 1
1 69 1
1 70 1
1 71 1
1 72 1
1 73 1
1 74 1
1 75 1
1 76 6
1 77 1
1 78 1
1 79 1
1 80 1
1 81 1
1 82 1
1 83 1
1 84 1
1 85 1
1 86 1
1 87 2
