%%MatrixMarket matrix coordinate real general
1 61 61                                           
1 1 3
1 2 2
1 3 1
1 4 1
1 5 4
1 6 2
1 7 3
1 8 1
1 9 2
1 10 2
1 11 1
1 12 2
1 13 1
1 14 1
1 15 1
1 16 4
1 17 1
1 18 2
1 19 1
1 20 4
1 21 1
1 22 1
1 23 1
1 24 1
1 25 1
1 26 1
1 27 1
1 28 1
1 29 3
1 30 1
1 31 1
1 32 1
1 33 1
1 34 1
1 35 1
1 36 1
1 37 3
1 38 1
1 39 5
1 40 1
1 41 2
1 42 3
1 43 1
1 44 2
1 45 1
1 46 2
1 47 1
1 48 1
1 49 1
1 50 1
1 51 1
1 52 1
1 53 2
1 54 1
1 55 1
1 56 1
1 57 3
1 58 1
1 59 2
1 60 1
1 61 1
