%%MatrixMarket matrix coordinate real general
1 108 108                                         
1 1 1
1 2 1
1 3 3
1 4 3
1 5 2
1 6 4
1 7 1
1 8 1
1 9 1
1 10 1
1 11 2
1 12 1
1 13 2
1 14 1
1 15 1
1 16 1
1 17 3
1 18 1
1 19 2
1 20 2
1 21 2
1 22 2
1 23 4
1 24 4
1 25 2
1 26 2
1 27 1
1 28 1
1 29 1
1 30 1
1 31 1
1 32 11
1 33 1
1 34 2
1 35 2
1 36 7
1 37 1
1 38 7
1 39 1
1 40 1
1 41 1
1 42 1
1 43 1
1 44 1
1 45 1
1 46 2
1 47 1
1 48 2
1 49 1
1 50 3
1 51 1
1 52 3
1 53 3
1 54 1
1 55 2
1 56 1
1 57 2
1 58 1
1 59 1
1 60 7
1 61 1
1 62 1
1 63 2
1 64 1
1 65 1
1 66 2
1 67 1
1 68 1
1 69 2
1 70 1
1 71 1
1 72 1
1 73 2
1 74 2
1 75 2
1 76 3
1 77 1
1 78 2
1 79 1
1 80 2
1 81 2
1 82 1
1 83 1
1 84 3
1 85 3
1 86 1
1 87 4
1 88 11
1 89 1
1 90 1
1 91 1
1 92 2
1 93 3
1 94 1
1 95 1
1 96 2
1 97 1
1 98 1
1 99 1
1 100 2
1 101 1
1 102 2
1 103 1
1 104 1
1 105 8
1 106 1
1 107 5
1 108 1
