%%MatrixMarket matrix coordinate real general
1 125 125                                         
1 1 2
1 2 1
1 3 2
1 4 1
1 5 3
1 6 2
1 7 1
1 8 2
1 9 1
1 10 1
1 11 1
1 12 1
1 13 1
1 14 2
1 15 1
1 16 1
1 17 1
1 18 1
1 19 1
1 20 2
1 21 1
1 22 1
1 23 1
1 24 1
1 25 1
1 26 1
1 27 2
1 28 2
1 29 1
1 30 1
1 31 1
1 32 1
1 33 1
1 34 1
1 35 1
1 36 4
1 37 1
1 38 1
1 39 2
1 40 1
1 41 1
1 42 1
1 43 1
1 44 1
1 45 2
1 46 1
1 47 5
1 48 1
1 49 1
1 50 2
1 51 1
1 52 1
1 53 1
1 54 1
1 55 1
1 56 1
1 57 1
1 58 1
1 59 1
1 60 1
1 61 1
1 62 1
1 63 1
1 64 1
1 65 2
1 66 7
1 67 3
1 68 2
1 69 2
1 70 1
1 71 4
1 72 2
1 73 3
1 74 1
1 75 18
1 76 1
1 77 1
1 78 1
1 79 1
1 80 1
1 81 2
1 82 1
1 83 1
1 84 1
1 85 1
1 86 1
1 87 1
1 88 2
1 89 1
1 90 2
1 91 2
1 92 4
1 93 2
1 94 2
1 95 9
1 96 1
1 97 4
1 98 1
1 99 1
1 100 4
1 101 1
1 102 1
1 103 1
1 104 1
1 105 1
1 106 1
1 107 1
1 108 1
1 109 1
1 110 2
1 111 1
1 112 1
1 113 5
1 114 1
1 115 1
1 116 1
1 117 1
1 118 1
1 119 4
1 120 12
1 121 1
1 122 2
1 123 2
1 124 1
1 125 1
