%%MatrixMarket matrix coordinate real general
1 122 122                                         
1 1 1
1 2 1
1 3 4
1 4 4
1 5 6
1 6 1
1 7 3
1 8 6
1 9 1
1 10 2
1 11 1
1 12 1
1 13 2
1 14 15
1 15 1
1 16 1
1 17 1
1 18 1
1 19 1
1 20 6
1 21 1
1 22 1
1 23 12
1 24 1
1 25 3
1 26 1
1 27 1
1 28 1
1 29 1
1 30 1
1 31 1
1 32 1
1 33 1
1 34 1
1 35 6
1 36 6
1 37 1
1 38 1
1 39 1
1 40 1
1 41 3
1 42 2
1 43 1
1 44 1
1 45 1
1 46 1
1 47 1
1 48 1
1 49 1
1 50 2
1 51 1
1 52 4
1 53 9
1 54 1
1 55 1
1 56 1
1 57 1
1 58 1
1 59 1
1 60 3
1 61 1
1 62 5
1 63 1
1 64 8
1 65 1
1 66 1
1 67 2
1 68 1
1 69 1
1 70 1
1 71 1
1 72 1
1 73 1
1 74 1
1 75 1
1 76 1
1 77 1
1 78 2
1 79 1
1 80 1
1 81 1
1 82 1
1 83 1
1 84 1
1 85 1
1 86 1
1 87 1
1 88 1
1 89 1
1 90 1
1 91 1
1 92 1
1 93 1
1 94 1
1 95 1
1 96 1
1 97 1
1 98 1
1 99 1
1 100 1
1 101 1
1 102 1
1 103 8
1 104 1
1 105 1
1 106 4
1 107 1
1 108 1
1 109 2
1 110 1
1 111 1
1 112 2
1 113 1
1 114 2
1 115 1
1 116 1
1 117 1
1 118 6
1 119 2
1 120 1
1 121 2
1 122 1
