%%MatrixMarket matrix coordinate real general
1 168 168                                         
1 1 1
1 2 1
1 3 2
1 4 1
1 5 1
1 6 1
1 7 1
1 8 1
1 9 3
1 10 8
1 11 1
1 12 1
1 13 4
1 14 1
1 15 2
1 16 1
1 17 1
1 18 1
1 19 3
1 20 2
1 21 1
1 22 3
1 23 1
1 24 1
1 25 1
1 26 1
1 27 1
1 28 3
1 29 1
1 30 2
1 31 1
1 32 1
1 33 1
1 34 4
1 35 1
1 36 1
1 37 1
1 38 1
1 39 1
1 40 1
1 41 5
1 42 1
1 43 1
1 44 1
1 45 1
1 46 1
1 47 1
1 48 6
1 49 4
1 50 1
1 51 1
1 52 7
1 53 1
1 54 1
1 55 1
1 56 1
1 57 2
1 58 1
1 59 1
1 60 1
1 61 1
1 62 1
1 63 1
1 64 2
1 65 1
1 66 2
1 67 1
1 68 2
1 69 2
1 70 1
1 71 1
1 72 1
1 73 1
1 74 1
1 75 1
1 76 1
1 77 1
1 78 1
1 79 1
1 80 1
1 81 2
1 82 2
1 83 9
1 84 2
1 85 1
1 86 1
1 87 1
1 88 1
1 89 1
1 90 2
1 91 2
1 92 1
1 93 1
1 94 1
1 95 2
1 96 2
1 97 1
1 98 1
1 99 1
1 100 1
1 101 1
1 102 1
1 103 1
1 104 1
1 105 1
1 106 1
1 107 1
1 108 1
1 109 1
1 110 1
1 111 1
1 112 1
1 113 1
1 114 1
1 115 1
1 116 6
1 117 1
1 118 1
1 119 1
1 120 1
1 121 1
1 122 1
1 123 2
1 124 1
1 125 3
1 126 1
1 127 1
1 128 1
1 129 3
1 130 1
1 131 1
1 132 1
1 133 1
1 134 1
1 135 1
1 136 1
1 137 1
1 138 2
1 139 1
1 140 1
1 141 1
1 142 2
1 143 1
1 144 1
1 145 1
1 146 3
1 147 3
1 148 1
1 149 3
1 150 1
1 151 1
1 152 1
1 153 2
1 154 1
1 155 1
1 156 1
1 157 7
1 158 1
1 159 2
1 160 1
1 161 2
1 162 2
1 163 1
1 164 1
1 165 1
1 166 5
1 167 3
1 168 1
