%%MatrixMarket matrix coordinate real general
1 116 116                                         
1 1 1
1 2 6
1 3 1
1 4 2
1 5 1
1 6 5
1 7 9
1 8 17
1 9 12
1 10 5
1 11 1
1 12 1
1 13 1
1 14 2
1 15 1
1 16 1
1 17 1
1 18 1
1 19 1
1 20 1
1 21 1
1 22 1
1 23 2
1 24 1
1 25 2
1 26 3
1 27 16
1 28 1
1 29 1
1 30 1
1 31 3
1 32 1
1 33 1
1 34 9
1 35 1
1 36 1
1 37 1
1 38 1
1 39 1
1 40 4
1 41 2
1 42 1
1 43 1
1 44 1
1 45 4
1 46 1
1 47 1
1 48 1
1 49 1
1 50 1
1 51 3
1 52 1
1 53 2
1 54 1
1 55 1
1 56 1
1 57 1
1 58 1
1 59 1
1 60 1
1 61 5
1 62 1
1 63 2
1 64 1
1 65 2
1 66 1
1 67 2
1 68 3
1 69 2
1 70 1
1 71 1
1 72 2
1 73 3
1 74 1
1 75 1
1 76 1
1 77 2
1 78 8
1 79 5
1 80 1
1 81 1
1 82 1
1 83 1
1 84 1
1 85 1
1 86 1
1 87 2
1 88 2
1 89 3
1 90 4
1 91 1
1 92 1
1 93 1
1 94 1
1 95 14
1 96 1
1 97 1
1 98 1
1 99 2
1 100 3
1 101 1
1 102 8
1 103 1
1 104 1
1 105 1
1 106 5
1 107 2
1 108 1
1 109 1
1 110 1
1 111 2
1 112 1
1 113 1
1 114 1
1 115 16
1 116 1
