%%MatrixMarket matrix coordinate real general
1 105 105                                         
1 1 3
1 2 2
1 3 2
1 4 1
1 5 1
1 6 1
1 7 1
1 8 3
1 9 5
1 10 2
1 11 2
1 12 1
1 13 1
1 14 1
1 15 1
1 16 1
1 17 2
1 18 1
1 19 1
1 20 2
1 21 14
1 22 1
1 23 1
1 24 1
1 25 3
1 26 1
1 27 1
1 28 1
1 29 3
1 30 1
1 31 1
1 32 1
1 33 2
1 34 1
1 35 1
1 36 3
1 37 14
1 38 2
1 39 1
1 40 1
1 41 2
1 42 1
1 43 1
1 44 1
1 45 1
1 46 1
1 47 1
1 48 1
1 49 2
1 50 1
1 51 1
1 52 1
1 53 1
1 54 1
1 55 1
1 56 1
1 57 2
1 58 1
1 59 1
1 60 1
1 61 1
1 62 1
1 63 1
1 64 1
1 65 1
1 66 1
1 67 1
1 68 4
1 69 1
1 70 1
1 71 2
1 72 2
1 73 5
1 74 2
1 75 1
1 76 1
1 77 29
1 78 1
1 79 1
1 80 3
1 81 1
1 82 1
1 83 5
1 84 1
1 85 2
1 86 5
1 87 1
1 88 1
1 89 2
1 90 1
1 91 1
1 92 1
1 93 2
1 94 1
1 95 2
1 96 7
1 97 6
1 98 1
1 99 1
1 100 1
1 101 5
1 102 1
1 103 1
1 104 1
1 105 1
