%%MatrixMarket matrix coordinate real general
1 140 140                                         
1 1 1
1 2 2
1 3 2
1 4 1
1 5 1
1 6 9
1 7 1
1 8 2
1 9 2
1 10 3
1 11 2
1 12 2
1 13 3
1 14 1
1 15 1
1 16 1
1 17 1
1 18 1
1 19 1
1 20 1
1 21 1
1 22 1
1 23 2
1 24 1
1 25 1
1 26 1
1 27 2
1 28 1
1 29 2
1 30 6
1 31 1
1 32 1
1 33 1
1 34 1
1 35 6
1 36 1
1 37 1
1 38 1
1 39 2
1 40 1
1 41 1
1 42 1
1 43 1
1 44 7
1 45 1
1 46 4
1 47 18
1 48 1
1 49 1
1 50 1
1 51 1
1 52 1
1 53 1
1 54 1
1 55 1
1 56 1
1 57 3
1 58 4
1 59 1
1 60 1
1 61 1
1 62 2
1 63 1
1 64 1
1 65 3
1 66 1
1 67 1
1 68 3
1 69 1
1 70 1
1 71 1
1 72 1
1 73 1
1 74 1
1 75 1
1 76 1
1 77 2
1 78 1
1 79 1
1 80 2
1 81 1
1 82 1
1 83 1
1 84 4
1 85 1
1 86 1
1 87 1
1 88 1
1 89 2
1 90 1
1 91 1
1 92 3
1 93 1
1 94 2
1 95 1
1 96 2
1 97 1
1 98 5
1 99 3
1 100 1
1 101 1
1 102 2
1 103 1
1 104 1
1 105 4
1 106 1
1 107 1
1 108 1
1 109 2
1 110 1
1 111 1
1 112 1
1 113 1
1 114 1
1 115 1
1 116 1
1 117 2
1 118 1
1 119 3
1 120 6
1 121 6
1 122 5
1 123 1
1 124 1
1 125 1
1 126 3
1 127 2
1 128 1
1 129 1
1 130 2
1 131 1
1 132 1
1 133 1
1 134 1
1 135 2
1 136 7
1 137 3
1 138 1
1 139 1
1 140 1
