%%MatrixMarket matrix coordinate real general
1 246 246                                         
1 1 1
1 2 1
1 3 1
1 4 1
1 5 1
1 6 1
1 7 1
1 8 1
1 9 1
1 10 3
1 11 2
1 12 4
1 13 1
1 14 3
1 15 5
1 16 2
1 17 1
1 18 1
1 19 9
1 20 9
1 21 3
1 22 1
1 23 1
1 24 1
1 25 1
1 26 1
1 27 1
1 28 2
1 29 1
1 30 1
1 31 9
1 32 2
1 33 1
1 34 1
1 35 1
1 36 1
1 37 10
1 38 3
1 39 3
1 40 1
1 41 1
1 42 1
1 43 1
1 44 7
1 45 2
1 46 1
1 47 1
1 48 2
1 49 2
1 50 2
1 51 4
1 52 1
1 53 3
1 54 1
1 55 1
1 56 1
1 57 1
1 58 1
1 59 1
1 60 3
1 61 1
1 62 1
1 63 1
1 64 1
1 65 1
1 66 1
1 67 1
1 68 1
1 69 1
1 70 1
1 71 2
1 72 1
1 73 1
1 74 7
1 75 1
1 76 1
1 77 1
1 78 4
1 79 5
1 80 3
1 81 2
1 82 1
1 83 1
1 84 1
1 85 1
1 86 1
1 87 1
1 88 3
1 89 1
1 90 1
1 91 2
1 92 1
1 93 2
1 94 1
1 95 2
1 96 7
1 97 1
1 98 2
1 99 2
1 100 1
1 101 9
1 102 1
1 103 1
1 104 8
1 105 1
1 106 1
1 107 1
1 108 1
1 109 1
1 110 2
1 111 3
1 112 9
1 113 3
1 114 3
1 115 1
1 116 1
1 117 1
1 118 6
1 119 1
1 120 1
1 121 1
1 122 1
1 123 5
1 124 3
1 125 3
1 126 1
1 127 1
1 128 1
1 129 6
1 130 1
1 131 2
1 132 1
1 133 3
1 134 1
1 135 3
1 136 1
1 137 1
1 138 1
1 139 1
1 140 2
1 141 1
1 142 1
1 143 1
1 144 1
1 145 1
1 146 6
1 147 1
1 148 1
1 149 1
1 150 1
1 151 1
1 152 4
1 153 4
1 154 6
1 155 1
1 156 1
1 157 8
1 158 1
1 159 1
1 160 3
1 161 3
1 162 1
1 163 1
1 164 5
1 165 1
1 166 2
1 167 1
1 168 1
1 169 1
1 170 8
1 171 1
1 172 3
1 173 5
1 174 2
1 175 1
1 176 1
1 177 1
1 178 12
1 179 1
1 180 1
1 181 1
1 182 3
1 183 7
1 184 2
1 185 1
1 186 2
1 187 1
1 188 6
1 189 1
1 190 1
1 191 3
1 192 2
1 193 1
1 194 1
1 195 1
1 196 1
1 197 1
1 198 1
1 199 1
1 200 1
1 201 1
1 202 1
1 203 1
1 204 2
1 205 1
1 206 1
1 207 1
1 208 2
1 209 1
1 210 2
1 211 7
1 212 2
1 213 1
1 214 1
1 215 5
1 216 1
1 217 1
1 218 1
1 219 1
1 220 2
1 221 2
1 222 1
1 223 1
1 224 1
1 225 1
1 226 1
1 227 8
1 228 6
1 229 1
1 230 2
1 231 2
1 232 2
1 233 1
1 234 1
1 235 3
1 236 1
1 237 8
1 238 1
1 239 3
1 240 1
1 241 6
1 242 1
1 243 2
1 244 12
1 245 2
1 246 1
