%%MatrixMarket matrix coordinate real general
1 84 84                                           
1 1 1
1 2 1
1 3 3
1 4 3
1 5 1
1 6 2
1 7 2
1 8 4
1 9 4
1 10 2
1 11 1
1 12 3
1 13 3
1 14 2
1 15 1
1 16 1
1 17 1
1 18 1
1 19 2
1 20 1
1 21 1
1 22 1
1 23 1
1 24 1
1 25 3
1 26 5
1 27 1
1 28 1
1 29 3
1 30 1
1 31 4
1 32 1
1 33 1
1 34 1
1 35 1
1 36 1
1 37 1
1 38 6
1 39 1
1 40 1
1 41 1
1 42 2
1 43 1
1 44 1
1 45 1
1 46 1
1 47 1
1 48 1
1 49 1
1 50 1
1 51 1
1 52 1
1 53 1
1 54 6
1 55 1
1 56 4
1 57 1
1 58 1
1 59 1
1 60 1
1 61 1
1 62 1
1 63 1
1 64 2
1 65 2
1 66 1
1 67 3
1 68 1
1 69 1
1 70 1
1 71 1
1 72 1
1 73 13
1 74 1
1 75 1
1 76 2
1 77 2
1 78 4
1 79 1
1 80 1
1 81 1
1 82 1
1 83 1
1 84 1
