%%MatrixMarket matrix coordinate real general
1 91 91                                           
1 1 1
1 2 2
1 3 1
1 4 1
1 5 1
1 6 5
1 7 2
1 8 2
1 9 1
1 10 2
1 11 1
1 12 2
1 13 1
1 14 16
1 15 1
1 16 1
1 17 1
1 18 2
1 19 2
1 20 2
1 21 1
1 22 1
1 23 1
1 24 2
1 25 1
1 26 1
1 27 1
1 28 1
1 29 1
1 30 1
1 31 1
1 32 1
1 33 1
1 34 2
1 35 1
1 36 1
1 37 1
1 38 1
1 39 3
1 40 3
1 41 1
1 42 1
1 43 1
1 44 1
1 45 1
1 46 1
1 47 2
1 48 1
1 49 2
1 50 1
1 51 2
1 52 1
1 53 1
1 54 1
1 55 4
1 56 1
1 57 1
1 58 1
1 59 1
1 60 1
1 61 1
1 62 1
1 63 1
1 64 1
1 65 1
1 66 1
1 67 1
1 68 1
1 69 1
1 70 3
1 71 1
1 72 1
1 73 1
1 74 1
1 75 1
1 76 1
1 77 7
1 78 7
1 79 1
1 80 1
1 81 1
1 82 1
1 83 1
1 84 1
1 85 4
1 86 1
1 87 1
1 88 1
1 89 1
1 90 1
1 91 1
