%%MatrixMarket matrix coordinate real general
1 70 70                                           
1 1 2
1 2 1
1 3 11
1 4 3
1 5 3
1 6 2
1 7 1
1 8 1
1 9 1
1 10 3
1 11 1
1 12 1
1 13 1
1 14 2
1 15 7
1 16 1
1 17 3
1 18 1
1 19 1
1 20 3
1 21 1
1 22 1
1 23 1
1 24 3
1 25 2
1 26 1
1 27 1
1 28 1
1 29 1
1 30 1
1 31 4
1 32 9
1 33 3
1 34 1
1 35 3
1 36 1
1 37 1
1 38 1
1 39 1
1 40 2
1 41 1
1 42 1
1 43 1
1 44 1
1 45 1
1 46 1
1 47 2
1 48 1
1 49 1
1 50 1
1 51 1
1 52 2
1 53 2
1 54 1
1 55 1
1 56 6
1 57 1
1 58 4
1 59 1
1 60 1
1 61 1
1 62 1
1 63 1
1 64 1
1 65 1
1 66 3
1 67 1
1 68 1
1 69 1
1 70 2
