%%MatrixMarket matrix coordinate real general
1 97 97                                           
1 1 1
1 2 1
1 3 2
1 4 1
1 5 1
1 6 1
1 7 1
1 8 2
1 9 1
1 10 1
1 11 1
1 12 1
1 13 7
1 14 1
1 15 1
1 16 1
1 17 4
1 18 1
1 19 1
1 20 1
1 21 2
1 22 1
1 23 1
1 24 1
1 25 1
1 26 1
1 27 2
1 28 1
1 29 4
1 30 2
1 31 1
1 32 2
1 33 1
1 34 5
1 35 1
1 36 1
1 37 3
1 38 1
1 39 9
1 40 1
1 41 1
1 42 1
1 43 1
1 44 1
1 45 1
1 46 1
1 47 1
1 48 1
1 49 3
1 50 1
1 51 11
1 52 1
1 53 1
1 54 1
1 55 1
1 56 2
1 57 1
1 58 1
1 59 1
1 60 1
1 61 1
1 62 2
1 63 1
1 64 1
1 65 1
1 66 3
1 67 1
1 68 1
1 69 3
1 70 2
1 71 4
1 72 1
1 73 1
1 74 1
1 75 1
1 76 2
1 77 2
1 78 1
1 79 3
1 80 1
1 81 1
1 82 1
1 83 5
1 84 1
1 85 1
1 86 4
1 87 1
1 88 1
1 89 1
1 90 1
1 91 1
1 92 1
1 93 2
1 94 1
1 95 1
1 96 1
1 97 3
