%%MatrixMarket matrix coordinate real general
1 287 287                                         
1 1 2
1 2 4
1 3 2
1 4 2
1 5 1
1 6 1
1 7 1
1 8 2
1 9 2
1 10 1
1 11 2
1 12 1
1 13 1
1 14 1
1 15 1
1 16 1
1 17 3
1 18 1
1 19 15
1 20 17
1 21 1
1 22 6
1 23 1
1 24 2
1 25 1
1 26 1
1 27 1
1 28 1
1 29 1
1 30 1
1 31 1
1 32 1
1 33 2
1 34 1
1 35 1
1 36 1
1 37 2
1 38 1
1 39 3
1 40 1
1 41 2
1 42 1
1 43 1
1 44 3
1 45 3
1 46 1
1 47 1
1 48 1
1 49 1
1 50 2
1 51 1
1 52 1
1 53 1
1 54 1
1 55 3
1 56 2
1 57 1
1 58 1
1 59 1
1 60 2
1 61 1
1 62 1
1 63 10
1 64 1
1 65 4
1 66 1
1 67 1
1 68 2
1 69 1
1 70 1
1 71 1
1 72 2
1 73 1
1 74 1
1 75 1
1 76 1
1 77 3
1 78 1
1 79 1
1 80 1
1 81 1
1 82 1
1 83 1
1 84 1
1 85 1
1 86 6
1 87 1
1 88 1
1 89 1
1 90 1
1 91 1
1 92 1
1 93 3
1 94 6
1 95 1
1 96 1
1 97 2
1 98 1
1 99 1
1 100 1
1 101 1
1 102 3
1 103 1
1 104 3
1 105 1
1 106 1
1 107 6
1 108 3
1 109 1
1 110 1
1 111 1
1 112 1
1 113 1
1 114 2
1 115 1
1 116 1
1 117 2
1 118 2
1 119 1
1 120 5
1 121 1
1 122 1
1 123 1
1 124 2
1 125 1
1 126 1
1 127 1
1 128 1
1 129 1
1 130 2
1 131 1
1 132 2
1 133 3
1 134 2
1 135 2
1 136 1
1 137 4
1 138 2
1 139 2
1 140 1
1 141 3
1 142 1
1 143 5
1 144 5
1 145 1
1 146 1
1 147 1
1 148 1
1 149 3
1 150 1
1 151 1
1 152 1
1 153 1
1 154 4
1 155 1
1 156 1
1 157 1
1 158 1
1 159 2
1 160 1
1 161 1
1 162 1
1 163 1
1 164 1
1 165 1
1 166 2
1 167 1
1 168 1
1 169 2
1 170 6
1 171 1
1 172 1
1 173 3
1 174 2
1 175 1
1 176 1
1 177 1
1 178 1
1 179 1
1 180 1
1 181 1
1 182 4
1 183 6
1 184 2
1 185 1
1 186 1
1 187 1
1 188 1
1 189 1
1 190 1
1 191 1
1 192 8
1 193 1
1 194 2
1 195 1
1 196 1
1 197 1
1 198 1
1 199 2
1 200 3
1 201 1
1 202 1
1 203 3
1 204 2
1 205 2
1 206 1
1 207 1
1 208 1
1 209 1
1 210 9
1 211 3
1 212 1
1 213 3
1 214 1
1 215 2
1 216 8
1 217 1
1 218 3
1 219 1
1 220 10
1 221 45
1 222 1
1 223 1
1 224 1
1 225 3
1 226 5
1 227 1
1 228 1
1 229 4
1 230 1
1 231 2
1 232 1
1 233 4
1 234 1
1 235 2
1 236 3
1 237 1
1 238 1
1 239 1
1 240 1
1 241 1
1 242 19
1 243 1
1 244 1
1 245 1
1 246 3
1 247 1
1 248 1
1 249 1
1 250 1
1 251 1
1 252 1
1 253 4
1 254 1
1 255 1
1 256 1
1 257 1
1 258 2
1 259 1
1 260 2
1 261 3
1 262 2
1 263 1
1 264 2
1 265 3
1 266 1
1 267 1
1 268 1
1 269 1
1 270 1
1 271 2
1 272 3
1 273 1
1 274 1
1 275 6
1 276 1
1 277 2
1 278 12
1 279 1
1 280 3
1 281 1
1 282 1
1 283 4
1 284 1
1 285 1
1 286 1
1 287 1
