%%MatrixMarket matrix coordinate real general
1 98 98                                           
1 1 1
1 2 5
1 3 1
1 4 1
1 5 11
1 6 2
1 7 9
1 8 1
1 9 1
1 10 1
1 11 1
1 12 1
1 13 1
1 14 4
1 15 1
1 16 1
1 17 2
1 18 1
1 19 2
1 20 1
1 21 1
1 22 1
1 23 1
1 24 1
1 25 1
1 26 3
1 27 4
1 28 1
1 29 1
1 30 1
1 31 1
1 32 1
1 33 1
1 34 1
1 35 2
1 36 2
1 37 2
1 38 2
1 39 3
1 40 1
1 41 3
1 42 1
1 43 1
1 44 1
1 45 1
1 46 1
1 47 1
1 48 1
1 49 1
1 50 1
1 51 1
1 52 3
1 53 1
1 54 1
1 55 1
1 56 4
1 57 2
1 58 1
1 59 1
1 60 1
1 61 3
1 62 1
1 63 1
1 64 1
1 65 2
1 66 1
1 67 1
1 68 1
1 69 1
1 70 1
1 71 1
1 72 8
1 73 3
1 74 1
1 75 1
1 76 1
1 77 1
1 78 3
1 79 3
1 80 6
1 81 1
1 82 3
1 83 1
1 84 1
1 85 1
1 86 1
1 87 4
1 88 1
1 89 1
1 90 3
1 91 1
1 92 1
1 93 3
1 94 6
1 95 1
1 96 1
1 97 1
1 98 1
