%%MatrixMarket matrix coordinate real general
1 109 109                                         
1 1 1
1 2 1
1 3 2
1 4 1
1 5 1
1 6 1
1 7 2
1 8 1
1 9 1
1 10 1
1 11 2
1 12 1
1 13 1
1 14 8
1 15 2
1 16 1
1 17 1
1 18 1
1 19 1
1 20 1
1 21 1
1 22 2
1 23 1
1 24 1
1 25 5
1 26 2
1 27 1
1 28 2
1 29 1
1 30 2
1 31 1
1 32 1
1 33 1
1 34 2
1 35 4
1 36 1
1 37 1
1 38 1
1 39 1
1 40 1
1 41 2
1 42 1
1 43 1
1 44 1
1 45 1
1 46 5
1 47 1
1 48 1
1 49 1
1 50 2
1 51 1
1 52 2
1 53 1
1 54 1
1 55 1
1 56 1
1 57 1
1 58 1
1 59 1
1 60 1
1 61 1
1 62 1
1 63 2
1 64 1
1 65 2
1 66 1
1 67 1
1 68 1
1 69 1
1 70 2
1 71 1
1 72 1
1 73 1
1 74 1
1 75 1
1 76 1
1 77 1
1 78 3
1 79 1
1 80 2
1 81 1
1 82 1
1 83 1
1 84 1
1 85 2
1 86 2
1 87 3
1 88 1
1 89 1
1 90 1
1 91 1
1 92 4
1 93 1
1 94 1
1 95 5
1 96 1
1 97 1
1 98 1
1 99 1
1 100 2
1 101 1
1 102 3
1 103 1
1 104 1
1 105 1
1 106 2
1 107 1
1 108 2
1 109 1
