%%MatrixMarket matrix coordinate real general
1 245 245                                         
1 1 1
1 2 2
1 3 2
1 4 8
1 5 15
1 6 1
1 7 2
1 8 1
1 9 1
1 10 2
1 11 1
1 12 1
1 13 3
1 14 1
1 15 1
1 16 1
1 17 1
1 18 1
1 19 1
1 20 1
1 21 1
1 22 9
1 23 1
1 24 1
1 25 1
1 26 1
1 27 1
1 28 5
1 29 1
1 30 1
1 31 2
1 32 1
1 33 1
1 34 4
1 35 1
1 36 1
1 37 1
1 38 2
1 39 1
1 40 1
1 41 1
1 42 2
1 43 2
1 44 1
1 45 1
1 46 2
1 47 1
1 48 4
1 49 1
1 50 1
1 51 1
1 52 2
1 53 1
1 54 1
1 55 2
1 56 3
1 57 1
1 58 1
1 59 1
1 60 1
1 61 1
1 62 1
1 63 1
1 64 1
1 65 1
1 66 1
1 67 1
1 68 1
1 69 1
1 70 1
1 71 1
1 72 1
1 73 2
1 74 3
1 75 1
1 76 1
1 77 2
1 78 1
1 79 1
1 80 1
1 81 1
1 82 1
1 83 1
1 84 3
1 85 1
1 86 1
1 87 1
1 88 2
1 89 1
1 90 1
1 91 1
1 92 3
1 93 2
1 94 6
1 95 1
1 96 9
1 97 1
1 98 1
1 99 1
1 100 63
1 101 3
1 102 8
1 103 1
1 104 1
1 105 1
1 106 1
1 107 1
1 108 1
1 109 1
1 110 8
1 111 3
1 112 1
1 113 1
1 114 1
1 115 1
1 116 2
1 117 1
1 118 1
1 119 1
1 120 6
1 121 4
1 122 1
1 123 1
1 124 4
1 125 1
1 126 1
1 127 2
1 128 6
1 129 1
1 130 1
1 131 1
1 132 1
1 133 1
1 134 16
1 135 1
1 136 3
1 137 2
1 138 1
1 139 1
1 140 8
1 141 1
1 142 1
1 143 1
1 144 2
1 145 2
1 146 1
1 147 2
1 148 8
1 149 1
1 150 1
1 151 4
1 152 1
1 153 1
1 154 1
1 155 1
1 156 2
1 157 1
1 158 1
1 159 1
1 160 1
1 161 1
1 162 2
1 163 2
1 164 2
1 165 1
1 166 2
1 167 1
1 168 1
1 169 1
1 170 2
1 171 1
1 172 1
1 173 1
1 174 1
1 175 13
1 176 1
1 177 1
1 178 19
1 179 1
1 180 1
1 181 1
1 182 1
1 183 1
1 184 2
1 185 1
1 186 1
1 187 1
1 188 2
1 189 5
1 190 5
1 191 1
1 192 4
1 193 4
1 194 1
1 195 2
1 196 1
1 197 1
1 198 2
1 199 1
1 200 2
1 201 1
1 202 1
1 203 1
1 204 1
1 205 1
1 206 3
1 207 2
1 208 4
1 209 2
1 210 1
1 211 1
1 212 1
1 213 2
1 214 1
1 215 1
1 216 2
1 217 2
1 218 1
1 219 1
1 220 5
1 221 1
1 222 2
1 223 1
1 224 1
1 225 3
1 226 2
1 227 2
1 228 1
1 229 1
1 230 1
1 231 2
1 232 2
1 233 2
1 234 1
1 235 3
1 236 1
1 237 1
1 238 2
1 239 1
1 240 1
1 241 1
1 242 3
1 243 2
1 244 2
1 245 8
