%%MatrixMarket matrix coordinate real general
1 136 136                                         
1 1 3
1 2 2
1 3 1
1 4 4
1 5 1
1 6 2
1 7 1
1 8 1
1 9 1
1 10 1
1 11 3
1 12 6
1 13 1
1 14 1
1 15 1
1 16 8
1 17 1
1 18 1
1 19 1
1 20 3
1 21 4
1 22 1
1 23 3
1 24 1
1 25 1
1 26 2
1 27 1
1 28 3
1 29 1
1 30 2
1 31 6
1 32 1
1 33 1
1 34 1
1 35 1
1 36 1
1 37 2
1 38 1
1 39 1
1 40 1
1 41 1
1 42 1
1 43 5
1 44 1
1 45 1
1 46 1
1 47 1
1 48 11
1 49 1
1 50 3
1 51 1
1 52 23
1 53 1
1 54 2
1 55 1
1 56 2
1 57 2
1 58 2
1 59 1
1 60 3
1 61 1
1 62 4
1 63 1
1 64 1
1 65 3
1 66 4
1 67 1
1 68 2
1 69 1
1 70 1
1 71 1
1 72 1
1 73 2
1 74 3
1 75 1
1 76 14
1 77 1
1 78 1
1 79 1
1 80 1
1 81 2
1 82 1
1 83 1
1 84 2
1 85 10
1 86 10
1 87 7
1 88 1
1 89 1
1 90 1
1 91 1
1 92 1
1 93 1
1 94 1
1 95 1
1 96 8
1 97 2
1 98 1
1 99 4
1 100 1
1 101 7
1 102 2
1 103 1
1 104 1
1 105 1
1 106 1
1 107 5
1 108 16
1 109 2
1 110 1
1 111 2
1 112 6
1 113 1
1 114 1
1 115 1
1 116 3
1 117 1
1 118 1
1 119 1
1 120 3
1 121 1
1 122 1
1 123 2
1 124 1
1 125 5
1 126 1
1 127 1
1 128 3
1 129 1
1 130 2
1 131 3
1 132 1
1 133 7
1 134 1
1 135 16
1 136 2
