%%MatrixMarket matrix coordinate real general
1 202 202                                         
1 1 1
1 2 1
1 3 1
1 4 1
1 5 2
1 6 1
1 7 8
1 8 1
1 9 1
1 10 1
1 11 1
1 12 1
1 13 1
1 14 9
1 15 3
1 16 1
1 17 6
1 18 1
1 19 1
1 20 2
1 21 1
1 22 1
1 23 1
1 24 2
1 25 3
1 26 2
1 27 1
1 28 1
1 29 19
1 30 1
1 31 1
1 32 1
1 33 3
1 34 3
1 35 4
1 36 1
1 37 1
1 38 4
1 39 1
1 40 1
1 41 1
1 42 2
1 43 1
1 44 5
1 45 1
1 46 1
1 47 1
1 48 4
1 49 1
1 50 1
1 51 3
1 52 1
1 53 1
1 54 1
1 55 2
1 56 1
1 57 1
1 58 1
1 59 1
1 60 1
1 61 1
1 62 1
1 63 1
1 64 1
1 65 1
1 66 1
1 67 1
1 68 1
1 69 2
1 70 3
1 71 4
1 72 5
1 73 1
1 74 1
1 75 1
1 76 1
1 77 1
1 78 1
1 79 2
1 80 1
1 81 3
1 82 1
1 83 1
1 84 3
1 85 1
1 86 1
1 87 1
1 88 1
1 89 1
1 90 4
1 91 1
1 92 7
1 93 1
1 94 2
1 95 1
1 96 1
1 97 1
1 98 1
1 99 2
1 100 1
1 101 1
1 102 1
1 103 1
1 104 1
1 105 1
1 106 2
1 107 1
1 108 1
1 109 2
1 110 1
1 111 2
1 112 2
1 113 1
1 114 1
1 115 1
1 116 1
1 117 2
1 118 1
1 119 1
1 120 1
1 121 1
1 122 1
1 123 1
1 124 1
1 125 1
1 126 1
1 127 1
1 128 2
1 129 1
1 130 17
1 131 1
1 132 1
1 133 1
1 134 1
1 135 5
1 136 3
1 137 1
1 138 1
1 139 1
1 140 1
1 141 1
1 142 1
1 143 1
1 144 5
1 145 1
1 146 1
1 147 1
1 148 1
1 149 1
1 150 1
1 151 2
1 152 1
1 153 1
1 154 1
1 155 4
1 156 1
1 157 2
1 158 3
1 159 2
1 160 1
1 161 2
1 162 1
1 163 3
1 164 1
1 165 1
1 166 1
1 167 2
1 168 2
1 169 1
1 170 1
1 171 4
1 172 1
1 173 1
1 174 1
1 175 1
1 176 1
1 177 1
1 178 1
1 179 1
1 180 1
1 181 1
1 182 1
1 183 1
1 184 4
1 185 8
1 186 1
1 187 1
1 188 1
1 189 1
1 190 1
1 191 2
1 192 1
1 193 2
1 194 5
1 195 1
1 196 1
1 197 3
1 198 1
1 199 1
1 200 1
1 201 4
1 202 1
