%%MatrixMarket matrix coordinate real general
1 145 145                                         
1 1 1
1 2 1
1 3 1
1 4 1
1 5 2
1 6 6
1 7 1
1 8 2
1 9 1
1 10 1
1 11 6
1 12 2
1 13 2
1 14 2
1 15 2
1 16 1
1 17 1
1 18 1
1 19 2
1 20 1
1 21 9
1 22 1
1 23 4
1 24 2
1 25 2
1 26 1
1 27 3
1 28 1
1 29 1
1 30 3
1 31 3
1 32 1
1 33 1
1 34 1
1 35 4
1 36 1
1 37 2
1 38 2
1 39 2
1 40 6
1 41 1
1 42 1
1 43 1
1 44 1
1 45 1
1 46 1
1 47 1
1 48 1
1 49 2
1 50 2
1 51 2
1 52 2
1 53 1
1 54 6
1 55 1
1 56 1
1 57 1
1 58 1
1 59 2
1 60 1
1 61 1
1 62 1
1 63 1
1 64 3
1 65 1
1 66 2
1 67 1
1 68 1
1 69 2
1 70 1
1 71 1
1 72 4
1 73 1
1 74 1
1 75 1
1 76 2
1 77 1
1 78 1
1 79 1
1 80 1
1 81 2
1 82 1
1 83 1
1 84 2
1 85 1
1 86 4
1 87 1
1 88 1
1 89 2
1 90 1
1 91 1
1 92 1
1 93 1
1 94 1
1 95 1
1 96 1
1 97 14
1 98 1
1 99 1
1 100 1
1 101 3
1 102 1
1 103 1
1 104 1
1 105 5
1 106 2
1 107 1
1 108 1
1 109 1
1 110 1
1 111 1
1 112 1
1 113 3
1 114 1
1 115 1
1 116 1
1 117 1
1 118 1
1 119 2
1 120 2
1 121 1
1 122 1
1 123 2
1 124 1
1 125 1
1 126 1
1 127 1
1 128 2
1 129 1
1 130 1
1 131 7
1 132 2
1 133 5
1 134 1
1 135 1
1 136 1
1 137 2
1 138 2
1 139 1
1 140 3
1 141 1
1 142 7
1 143 3
1 144 1
1 145 1
