%%MatrixMarket matrix coordinate real general
1 82 82                                           
1 1 1
1 2 1
1 3 1
1 4 1
1 5 1
1 6 6
1 7 1
1 8 1
1 9 1
1 10 4
1 11 1
1 12 1
1 13 1
1 14 2
1 15 1
1 16 2
1 17 3
1 18 4
1 19 1
1 20 1
1 21 1
1 22 1
1 23 1
1 24 2
1 25 2
1 26 1
1 27 1
1 28 1
1 29 1
1 30 1
1 31 1
1 32 1
1 33 1
1 34 3
1 35 1
1 36 1
1 37 2
1 38 7
1 39 4
1 40 1
1 41 1
1 42 1
1 43 1
1 44 1
1 45 1
1 46 2
1 47 1
1 48 5
1 49 5
1 50 1
1 51 1
1 52 1
1 53 1
1 54 1
1 55 1
1 56 1
1 57 1
1 58 1
1 59 1
1 60 1
1 61 1
1 62 1
1 63 2
1 64 1
1 65 1
1 66 1
1 67 3
1 68 1
1 69 5
1 70 4
1 71 1
1 72 1
1 73 1
1 74 2
1 75 1
1 76 5
1 77 2
1 78 1
1 79 1
1 80 1
1 81 1
1 82 1
