%%MatrixMarket matrix coordinate real general
1 98 98                                           
1 1 1
1 2 1
1 3 1
1 4 2
1 5 4
1 6 1
1 7 1
1 8 7
1 9 2
1 10 1
1 11 1
1 12 1
1 13 1
1 14 1
1 15 1
1 16 2
1 17 2
1 18 14
1 19 1
1 20 1
1 21 1
1 22 1
1 23 3
1 24 1
1 25 1
1 26 1
1 27 4
1 28 1
1 29 1
1 30 1
1 31 1
1 32 1
1 33 1
1 34 1
1 35 1
1 36 1
1 37 6
1 38 1
1 39 2
1 40 1
1 41 1
1 42 1
1 43 2
1 44 1
1 45 1
1 46 2
1 47 1
1 48 1
1 49 1
1 50 1
1 51 1
1 52 1
1 53 5
1 54 2
1 55 1
1 56 2
1 57 1
1 58 3
1 59 1
1 60 1
1 61 1
1 62 1
1 63 1
1 64 2
1 65 1
1 66 1
1 67 1
1 68 2
1 69 1
1 70 2
1 71 1
1 72 1
1 73 3
1 74 1
1 75 2
1 76 1
1 77 1
1 78 1
1 79 1
1 80 1
1 81 1
1 82 1
1 83 2
1 84 1
1 85 1
1 86 1
1 87 1
1 88 1
1 89 3
1 90 2
1 91 1
1 92 1
1 93 1
1 94 1
1 95 2
1 96 1
1 97 1
1 98 1
