%%MatrixMarket matrix coordinate real general
1 165 165                                         
1 1 1
1 2 4
1 3 1
1 4 1
1 5 1
1 6 3
1 7 1
1 8 4
1 9 1
1 10 1
1 11 10
1 12 1
1 13 1
1 14 1
1 15 2
1 16 18
1 17 1
1 18 1
1 19 1
1 20 1
1 21 1
1 22 2
1 23 1
1 24 2
1 25 1
1 26 3
1 27 1
1 28 2
1 29 4
1 30 1
1 31 1
1 32 1
1 33 2
1 34 1
1 35 2
1 36 1
1 37 1
1 38 1
1 39 1
1 40 1
1 41 2
1 42 3
1 43 5
1 44 1
1 45 2
1 46 1
1 47 4
1 48 1
1 49 1
1 50 6
1 51 1
1 52 1
1 53 2
1 54 1
1 55 1
1 56 1
1 57 2
1 58 1
1 59 1
1 60 1
1 61 9
1 62 1
1 63 3
1 64 2
1 65 1
1 66 1
1 67 3
1 68 1
1 69 1
1 70 1
1 71 2
1 72 1
1 73 1
1 74 2
1 75 2
1 76 2
1 77 1
1 78 2
1 79 1
1 80 1
1 81 1
1 82 4
1 83 2
1 84 4
1 85 3
1 86 17
1 87 4
1 88 1
1 89 8
1 90 1
1 91 5
1 92 2
1 93 3
1 94 2
1 95 15
1 96 1
1 97 2
1 98 2
1 99 1
1 100 2
1 101 1
1 102 1
1 103 1
1 104 1
1 105 2
1 106 2
1 107 1
1 108 1
1 109 1
1 110 2
1 111 6
1 112 1
1 113 4
1 114 2
1 115 1
1 116 2
1 117 3
1 118 2
1 119 2
1 120 1
1 121 3
1 122 1
1 123 2
1 124 1
1 125 1
1 126 6
1 127 2
1 128 1
1 129 1
1 130 4
1 131 1
1 132 1
1 133 3
1 134 1
1 135 2
1 136 9
1 137 2
1 138 1
1 139 1
1 140 1
1 141 1
1 142 1
1 143 1
1 144 1
1 145 2
1 146 1
1 147 1
1 148 7
1 149 2
1 150 1
1 151 9
1 152 1
1 153 1
1 154 1
1 155 3
1 156 1
1 157 1
1 158 1
1 159 1
1 160 8
1 161 1
1 162 1
1 163 1
1 164 1
1 165 1
