%%MatrixMarket matrix coordinate real general
1 199 199                                         
1 1 7
1 2 1
1 3 4
1 4 1
1 5 2
1 6 2
1 7 2
1 8 3
1 9 13
1 10 2
1 11 5
1 12 1
1 13 1
1 14 1
1 15 1
1 16 2
1 17 4
1 18 4
1 19 1
1 20 1
1 21 2
1 22 1
1 23 1
1 24 2
1 25 4
1 26 1
1 27 1
1 28 1
1 29 1
1 30 1
1 31 1
1 32 2
1 33 4
1 34 1
1 35 1
1 36 1
1 37 1
1 38 2
1 39 1
1 40 2
1 41 8
1 42 1
1 43 1
1 44 1
1 45 1
1 46 1
1 47 1
1 48 1
1 49 1
1 50 1
1 51 4
1 52 1
1 53 1
1 54 1
1 55 12
1 56 1
1 57 1
1 58 1
1 59 2
1 60 5
1 61 1
1 62 1
1 63 1
1 64 1
1 65 1
1 66 1
1 67 1
1 68 1
1 69 1
1 70 1
1 71 1
1 72 2
1 73 1
1 74 1
1 75 1
1 76 5
1 77 1
1 78 1
1 79 1
1 80 2
1 81 1
1 82 1
1 83 2
1 84 1
1 85 1
1 86 1
1 87 3
1 88 1
1 89 3
1 90 10
1 91 1
1 92 1
1 93 1
1 94 1
1 95 2
1 96 1
1 97 1
1 98 1
1 99 1
1 100 1
1 101 15
1 102 1
1 103 7
1 104 1
1 105 1
1 106 7
1 107 5
1 108 6
1 109 1
1 110 2
1 111 1
1 112 3
1 113 2
1 114 3
1 115 1
1 116 1
1 117 1
1 118 7
1 119 1
1 120 3
1 121 1
1 122 1
1 123 3
1 124 1
1 125 2
1 126 1
1 127 1
1 128 2
1 129 2
1 130 5
1 131 5
1 132 1
1 133 4
1 134 1
1 135 1
1 136 1
1 137 1
1 138 1
1 139 1
1 140 1
1 141 4
1 142 2
1 143 2
1 144 1
1 145 3
1 146 1
1 147 1
1 148 2
1 149 1
1 150 1
1 151 1
1 152 1
1 153 1
1 154 3
1 155 3
1 156 4
1 157 1
1 158 7
1 159 1
1 160 1
1 161 1
1 162 1
1 163 1
1 164 1
1 165 2
1 166 1
1 167 1
1 168 1
1 169 3
1 170 1
1 171 3
1 172 1
1 173 3
1 174 3
1 175 1
1 176 1
1 177 1
1 178 1
1 179 1
1 180 1
1 181 2
1 182 1
1 183 1
1 184 2
1 185 1
1 186 1
1 187 1
1 188 1
1 189 5
1 190 6
1 191 8
1 192 1
1 193 1
1 194 9
1 195 1
1 196 1
1 197 1
1 198 4
1 199 14
