%%MatrixMarket matrix coordinate real general
1 98 98                                           
1 1 1
1 2 1
1 3 1
1 4 1
1 5 7
1 6 1
1 7 1
1 8 6
1 9 1
1 10 8
1 11 16
1 12 1
1 13 1
1 14 3
1 15 1
1 16 1
1 17 1
1 18 1
1 19 1
1 20 1
1 21 1
1 22 1
1 23 4
1 24 1
1 25 1
1 26 3
1 27 2
1 28 1
1 29 2
1 30 1
1 31 1
1 32 2
1 33 2
1 34 1
1 35 1
1 36 3
1 37 1
1 38 1
1 39 3
1 40 1
1 41 1
1 42 1
1 43 1
1 44 3
1 45 1
1 46 1
1 47 1
1 48 1
1 49 1
1 50 1
1 51 11
1 52 1
1 53 2
1 54 1
1 55 1
1 56 1
1 57 1
1 58 27
1 59 1
1 60 6
1 61 1
1 62 1
1 63 13
1 64 1
1 65 2
1 66 1
1 67 1
1 68 1
1 69 1
1 70 1
1 71 1
1 72 1
1 73 1
1 74 2
1 75 1
1 76 1
1 77 1
1 78 1
1 79 1
1 80 2
1 81 3
1 82 1
1 83 4
1 84 2
1 85 1
1 86 1
1 87 1
1 88 1
1 89 1
1 90 3
1 91 1
1 92 2
1 93 2
1 94 1
1 95 9
1 96 3
1 97 1
1 98 1
