%%MatrixMarket matrix coordinate real general
1 59 59                                           
1 1 1
1 2 1
1 3 1
1 4 1
1 5 2
1 6 1
1 7 6
1 8 1
1 9 1
1 10 1
1 11 1
1 12 1
1 13 4
1 14 2
1 15 1
1 16 2
1 17 1
1 18 1
1 19 1
1 20 1
1 21 1
1 22 1
1 23 1
1 24 1
1 25 2
1 26 1
1 27 1
1 28 6
1 29 1
1 30 1
1 31 1
1 32 1
1 33 1
1 34 1
1 35 3
1 36 1
1 37 1
1 38 7
1 39 1
1 40 1
1 41 1
1 42 1
1 43 2
1 44 1
1 45 1
1 46 1
1 47 1
1 48 1
1 49 1
1 50 1
1 51 1
1 52 2
1 53 2
1 54 4
1 55 1
1 56 1
1 57 1
1 58 4
1 59 1
