%%MatrixMarket matrix coordinate real general
1 152 152                                         
1 1 1
1 2 3
1 3 2
1 4 1
1 5 1
1 6 1
1 7 1
1 8 4
1 9 1
1 10 1
1 11 4
1 12 13
1 13 2
1 14 4
1 15 1
1 16 1
1 17 1
1 18 1
1 19 1
1 20 1
1 21 1
1 22 2
1 23 3
1 24 1
1 25 1
1 26 1
1 27 1
1 28 2
1 29 2
1 30 1
1 31 3
1 32 2
1 33 14
1 34 1
1 35 2
1 36 1
1 37 1
1 38 1
1 39 1
1 40 1
1 41 1
1 42 1
1 43 2
1 44 1
1 45 1
1 46 1
1 47 1
1 48 2
1 49 1
1 50 3
1 51 1
1 52 7
1 53 1
1 54 1
1 55 1
1 56 1
1 57 2
1 58 1
1 59 1
1 60 1
1 61 1
1 62 3
1 63 4
1 64 1
1 65 1
1 66 4
1 67 3
1 68 2
1 69 1
1 70 1
1 71 1
1 72 1
1 73 1
1 74 1
1 75 1
1 76 1
1 77 1
1 78 1
1 79 2
1 80 4
1 81 3
1 82 2
1 83 1
1 84 2
1 85 1
1 86 1
1 87 1
1 88 2
1 89 4
1 90 1
1 91 1
1 92 1
1 93 1
1 94 1
1 95 1
1 96 1
1 97 2
1 98 1
1 99 1
1 100 1
1 101 2
1 102 2
1 103 1
1 104 1
1 105 1
1 106 4
1 107 1
1 108 1
1 109 1
1 110 2
1 111 1
1 112 1
1 113 1
1 114 4
1 115 1
1 116 1
1 117 1
1 118 1
1 119 1
1 120 1
1 121 1
1 122 1
1 123 2
1 124 31
1 125 1
1 126 1
1 127 1
1 128 1
1 129 1
1 130 1
1 131 1
1 132 1
1 133 1
1 134 1
1 135 1
1 136 2
1 137 1
1 138 1
1 139 2
1 140 1
1 141 1
1 142 1
1 143 4
1 144 3
1 145 1
1 146 1
1 147 1
1 148 1
1 149 2
1 150 9
1 151 1
1 152 1
