%%MatrixMarket matrix coordinate real general
1 127 127                                         
1 1 1
1 2 4
1 3 2
1 4 9
1 5 1
1 6 1
1 7 6
1 8 1
1 9 1
1 10 1
1 11 1
1 12 1
1 13 1
1 14 1
1 15 1
1 16 9
1 17 1
1 18 2
1 19 1
1 20 2
1 21 2
1 22 1
1 23 1
1 24 2
1 25 2
1 26 15
1 27 1
1 28 1
1 29 4
1 30 1
1 31 3
1 32 1
1 33 1
1 34 1
1 35 1
1 36 1
1 37 2
1 38 2
1 39 2
1 40 2
1 41 1
1 42 1
1 43 2
1 44 1
1 45 1
1 46 1
1 47 1
1 48 1
1 49 2
1 50 1
1 51 2
1 52 1
1 53 1
1 54 1
1 55 1
1 56 1
1 57 1
1 58 1
1 59 1
1 60 1
1 61 2
1 62 1
1 63 1
1 64 3
1 65 8
1 66 1
1 67 3
1 68 1
1 69 1
1 70 1
1 71 1
1 72 6
1 73 3
1 74 1
1 75 1
1 76 1
1 77 3
1 78 1
1 79 3
1 80 1
1 81 2
1 82 1
1 83 1
1 84 1
1 85 1
1 86 1
1 87 2
1 88 1
1 89 1
1 90 1
1 91 1
1 92 1
1 93 1
1 94 1
1 95 1
1 96 2
1 97 1
1 98 1
1 99 3
1 100 1
1 101 1
1 102 1
1 103 2
1 104 1
1 105 3
1 106 1
1 107 1
1 108 11
1 109 9
1 110 1
1 111 1
1 112 2
1 113 2
1 114 1
1 115 2
1 116 1
1 117 1
1 118 15
1 119 4
1 120 1
1 121 1
1 122 1
1 123 1
1 124 1
1 125 1
1 126 2
1 127 1
