%%MatrixMarket matrix coordinate real general
1 146 146                                         
1 1 1
1 2 3
1 3 3
1 4 1
1 5 1
1 6 1
1 7 1
1 8 2
1 9 1
1 10 1
1 11 4
1 12 1
1 13 2
1 14 2
1 15 11
1 16 1
1 17 1
1 18 1
1 19 1
1 20 7
1 21 2
1 22 1
1 23 3
1 24 2
1 25 5
1 26 1
1 27 1
1 28 1
1 29 2
1 30 3
1 31 1
1 32 1
1 33 1
1 34 1
1 35 1
1 36 1
1 37 2
1 38 1
1 39 1
1 40 6
1 41 1
1 42 1
1 43 1
1 44 1
1 45 1
1 46 1
1 47 1
1 48 1
1 49 1
1 50 1
1 51 2
1 52 1
1 53 1
1 54 1
1 55 2
1 56 1
1 57 1
1 58 2
1 59 2
1 60 2
1 61 1
1 62 4
1 63 5
1 64 1
1 65 4
1 66 1
1 67 1
1 68 1
1 69 1
1 70 1
1 71 1
1 72 2
1 73 1
1 74 2
1 75 1
1 76 1
1 77 1
1 78 1
1 79 2
1 80 1
1 81 1
1 82 1
1 83 2
1 84 1
1 85 2
1 86 1
1 87 3
1 88 1
1 89 1
1 90 1
1 91 2
1 92 2
1 93 1
1 94 1
1 95 2
1 96 1
1 97 1
1 98 1
1 99 1
1 100 1
1 101 1
1 102 1
1 103 2
1 104 1
1 105 7
1 106 27
1 107 2
1 108 2
1 109 1
1 110 4
1 111 1
1 112 1
1 113 1
1 114 1
1 115 1
1 116 1
1 117 1
1 118 6
1 119 1
1 120 1
1 121 11
1 122 1
1 123 1
1 124 1
1 125 20
1 126 1
1 127 4
1 128 4
1 129 1
1 130 3
1 131 1
1 132 1
1 133 1
1 134 1
1 135 4
1 136 1
1 137 1
1 138 12
1 139 2
1 140 1
1 141 1
1 142 1
1 143 14
1 144 2
1 145 2
1 146 2
