%%MatrixMarket matrix coordinate real general
1 144 144                                         
1 1 1
1 2 3
1 3 2
1 4 1
1 5 4
1 6 3
1 7 1
1 8 2
1 9 1
1 10 1
1 11 1
1 12 1
1 13 1
1 14 4
1 15 1
1 16 3
1 17 1
1 18 1
1 19 1
1 20 2
1 21 1
1 22 2
1 23 1
1 24 3
1 25 1
1 26 6
1 27 1
1 28 1
1 29 17
1 30 3
1 31 1
1 32 2
1 33 1
1 34 3
1 35 1
1 36 1
1 37 1
1 38 2
1 39 2
1 40 1
1 41 1
1 42 1
1 43 2
1 44 1
1 45 1
1 46 1
1 47 1
1 48 1
1 49 1
1 50 1
1 51 1
1 52 1
1 53 1
1 54 1
1 55 1
1 56 1
1 57 1
1 58 1
1 59 2
1 60 1
1 61 1
1 62 1
1 63 1
1 64 1
1 65 1
1 66 1
1 67 1
1 68 1
1 69 1
1 70 1
1 71 1
1 72 2
1 73 2
1 74 1
1 75 1
1 76 1
1 77 1
1 78 2
1 79 4
1 80 10
1 81 1
1 82 1
1 83 3
1 84 3
1 85 2
1 86 2
1 87 2
1 88 2
1 89 1
1 90 1
1 91 2
1 92 1
1 93 3
1 94 1
1 95 4
1 96 1
1 97 1
1 98 1
1 99 1
1 100 3
1 101 1
1 102 1
1 103 1
1 104 1
1 105 1
1 106 1
1 107 2
1 108 2
1 109 1
1 110 1
1 111 1
1 112 6
1 113 2
1 114 12
1 115 1
1 116 1
1 117 1
1 118 1
1 119 1
1 120 1
1 121 1
1 122 1
1 123 1
1 124 1
1 125 1
1 126 1
1 127 1
1 128 1
1 129 1
1 130 1
1 131 1
1 132 2
1 133 1
1 134 1
1 135 2
1 136 3
1 137 1
1 138 2
1 139 1
1 140 2
1 141 1
1 142 1
1 143 3
1 144 1
