%%MatrixMarket matrix coordinate real general
1 203 203                                         
1 1 1
1 2 4
1 3 3
1 4 1
1 5 1
1 6 12
1 7 2
1 8 8
1 9 1
1 10 1
1 11 8
1 12 4
1 13 1
1 14 1
1 15 1
1 16 2
1 17 1
1 18 2
1 19 1
1 20 1
1 21 1
1 22 1
1 23 2
1 24 2
1 25 1
1 26 3
1 27 1
1 28 1
1 29 2
1 30 1
1 31 1
1 32 2
1 33 1
1 34 1
1 35 1
1 36 2
1 37 1
1 38 1
1 39 1
1 40 2
1 41 1
1 42 1
1 43 1
1 44 1
1 45 1
1 46 1
1 47 2
1 48 1
1 49 1
1 50 1
1 51 1
1 52 3
1 53 2
1 54 3
1 55 1
1 56 1
1 57 3
1 58 4
1 59 1
1 60 2
1 61 1
1 62 1
1 63 1
1 64 1
1 65 1
1 66 1
1 67 3
1 68 1
1 69 1
1 70 1
1 71 1
1 72 1
1 73 1
1 74 2
1 75 2
1 76 1
1 77 1
1 78 1
1 79 1
1 80 1
1 81 1
1 82 1
1 83 1
1 84 1
1 85 1
1 86 1
1 87 2
1 88 2
1 89 1
1 90 1
1 91 4
1 92 1
1 93 1
1 94 1
1 95 2
1 96 1
1 97 1
1 98 1
1 99 5
1 100 3
1 101 2
1 102 7
1 103 2
1 104 2
1 105 1
1 106 1
1 107 1
1 108 1
1 109 1
1 110 1
1 111 1
1 112 5
1 113 1
1 114 1
1 115 1
1 116 2
1 117 1
1 118 1
1 119 3
1 120 1
1 121 2
1 122 1
1 123 1
1 124 2
1 125 1
1 126 2
1 127 1
1 128 2
1 129 1
1 130 2
1 131 3
1 132 1
1 133 1
1 134 1
1 135 22
1 136 3
1 137 2
1 138 1
1 139 1
1 140 1
1 141 3
1 142 2
1 143 1
1 144 1
1 145 3
1 146 3
1 147 1
1 148 1
1 149 1
1 150 2
1 151 1
1 152 1
1 153 3
1 154 1
1 155 21
1 156 1
1 157 1
1 158 1
1 159 13
1 160 1
1 161 5
1 162 1
1 163 1
1 164 1
1 165 1
1 166 2
1 167 1
1 168 1
1 169 1
1 170 1
1 171 1
1 172 1
1 173 2
1 174 1
1 175 1
1 176 2
1 177 5
1 178 1
1 179 1
1 180 1
1 181 2
1 182 1
1 183 2
1 184 1
1 185 1
1 186 4
1 187 7
1 188 1
1 189 1
1 190 2
1 191 4
1 192 1
1 193 2
1 194 1
1 195 1
1 196 1
1 197 1
1 198 3
1 199 1
1 200 1
1 201 1
1 202 5
1 203 1
