%%MatrixMarket matrix coordinate real general
1 91 91                                           
1 1 3
1 2 7
1 3 1
1 4 2
1 5 1
1 6 1
1 7 1
1 8 1
1 9 1
1 10 1
1 11 1
1 12 1
1 13 2
1 14 1
1 15 4
1 16 1
1 17 1
1 18 2
1 19 10
1 20 1
1 21 3
1 22 1
1 23 1
1 24 3
1 25 2
1 26 1
1 27 1
1 28 1
1 29 2
1 30 1
1 31 2
1 32 1
1 33 1
1 34 1
1 35 1
1 36 1
1 37 1
1 38 1
1 39 1
1 40 1
1 41 1
1 42 1
1 43 1
1 44 1
1 45 2
1 46 3
1 47 1
1 48 1
1 49 1
1 50 1
1 51 1
1 52 1
1 53 1
1 54 3
1 55 1
1 56 5
1 57 9
1 58 1
1 59 1
1 60 1
1 61 1
1 62 1
1 63 1
1 64 1
1 65 1
1 66 1
1 67 1
1 68 1
1 69 1
1 70 1
1 71 1
1 72 3
1 73 1
1 74 1
1 75 6
1 76 1
1 77 1
1 78 2
1 79 1
1 80 1
1 81 1
1 82 1
1 83 4
1 84 8
1 85 1
1 86 5
1 87 1
1 88 3
1 89 1
1 90 1
1 91 1
