%%MatrixMarket matrix coordinate real general
1 75 75                                           
1 1 1
1 2 2
1 3 1
1 4 1
1 5 1
1 6 1
1 7 1
1 8 1
1 9 1
1 10 1
1 11 6
1 12 2
1 13 1
1 14 1
1 15 1
1 16 8
1 17 1
1 18 1
1 19 1
1 20 2
1 21 1
1 22 1
1 23 1
1 24 1
1 25 3
1 26 4
1 27 1
1 28 1
1 29 1
1 30 2
1 31 1
1 32 1
1 33 1
1 34 5
1 35 1
1 36 1
1 37 1
1 38 1
1 39 3
1 40 1
1 41 1
1 42 1
1 43 1
1 44 1
1 45 1
1 46 2
1 47 1
1 48 6
1 49 1
1 50 1
1 51 1
1 52 1
1 53 1
1 54 1
1 55 1
1 56 6
1 57 1
1 58 1
1 59 1
1 60 1
1 61 1
1 62 1
1 63 2
1 64 1
1 65 1
1 66 1
1 67 1
1 68 1
1 69 2
1 70 1
1 71 1
1 72 3
1 73 2
1 74 3
1 75 3
