%%MatrixMarket matrix coordinate real general
1 194 194                                         
1 1 1
1 2 3
1 3 2
1 4 1
1 5 7
1 6 1
1 7 3
1 8 2
1 9 3
1 10 2
1 11 1
1 12 2
1 13 7
1 14 2
1 15 1
1 16 1
1 17 1
1 18 1
1 19 1
1 20 1
1 21 1
1 22 2
1 23 1
1 24 1
1 25 3
1 26 1
1 27 2
1 28 1
1 29 1
1 30 1
1 31 1
1 32 1
1 33 2
1 34 1
1 35 1
1 36 1
1 37 3
1 38 1
1 39 1
1 40 1
1 41 1
1 42 10
1 43 1
1 44 2
1 45 1
1 46 2
1 47 1
1 48 1
1 49 1
1 50 3
1 51 1
1 52 1
1 53 1
1 54 1
1 55 1
1 56 2
1 57 1
1 58 2
1 59 2
1 60 1
1 61 1
1 62 1
1 63 2
1 64 1
1 65 1
1 66 1
1 67 1
1 68 1
1 69 1
1 70 1
1 71 1
1 72 1
1 73 1
1 74 1
1 75 1
1 76 1
1 77 2
1 78 1
1 79 1
1 80 1
1 81 1
1 82 2
1 83 1
1 84 2
1 85 3
1 86 1
1 87 2
1 88 1
1 89 1
1 90 2
1 91 1
1 92 1
1 93 2
1 94 1
1 95 3
1 96 2
1 97 3
1 98 5
1 99 1
1 100 3
1 101 3
1 102 1
1 103 1
1 104 7
1 105 1
1 106 1
1 107 1
1 108 3
1 109 1
1 110 1
1 111 1
1 112 1
1 113 1
1 114 1
1 115 16
1 116 1
1 117 2
1 118 1
1 119 1
1 120 2
1 121 1
1 122 4
1 123 1
1 124 1
1 125 10
1 126 1
1 127 1
1 128 1
1 129 3
1 130 12
1 131 1
1 132 1
1 133 3
1 134 1
1 135 1
1 136 1
1 137 2
1 138 1
1 139 2
1 140 1
1 141 1
1 142 1
1 143 1
1 144 1
1 145 1
1 146 1
1 147 3
1 148 1
1 149 8
1 150 1
1 151 1
1 152 1
1 153 2
1 154 1
1 155 1
1 156 1
1 157 1
1 158 1
1 159 2
1 160 1
1 161 1
1 162 1
1 163 1
1 164 1
1 165 2
1 166 4
1 167 1
1 168 1
1 169 1
1 170 2
1 171 1
1 172 1
1 173 1
1 174 2
1 175 2
1 176 1
1 177 1
1 178 1
1 179 1
1 180 1
1 181 1
1 182 3
1 183 13
1 184 1
1 185 1
1 186 1
1 187 1
1 188 1
1 189 2
1 190 2
1 191 1
1 192 1
1 193 1
1 194 1
