%%MatrixMarket matrix coordinate real general
1 223 223                                         
1 1 1
1 2 5
1 3 5
1 4 1
1 5 1
1 6 1
1 7 3
1 8 1
1 9 3
1 10 16
1 11 2
1 12 1
1 13 2
1 14 1
1 15 6
1 16 1
1 17 7
1 18 2
1 19 1
1 20 1
1 21 10
1 22 1
1 23 1
1 24 1
1 25 1
1 26 1
1 27 1
1 28 2
1 29 1
1 30 1
1 31 1
1 32 1
1 33 1
1 34 1
1 35 1
1 36 2
1 37 1
1 38 1
1 39 1
1 40 2
1 41 1
1 42 1
1 43 1
1 44 4
1 45 1
1 46 1
1 47 1
1 48 1
1 49 1
1 50 25
1 51 1
1 52 1
1 53 1
1 54 2
1 55 1
1 56 5
1 57 1
1 58 1
1 59 1
1 60 16
1 61 1
1 62 1
1 63 1
1 64 1
1 65 1
1 66 1
1 67 1
1 68 1
1 69 1
1 70 1
1 71 1
1 72 1
1 73 1
1 74 1
1 75 1
1 76 1
1 77 1
1 78 1
1 79 1
1 80 2
1 81 1
1 82 1
1 83 2
1 84 1
1 85 1
1 86 1
1 87 2
1 88 1
1 89 1
1 90 1
1 91 1
1 92 2
1 93 2
1 94 1
1 95 1
1 96 1
1 97 1
1 98 1
1 99 1
1 100 1
1 101 1
1 102 1
1 103 1
1 104 1
1 105 1
1 106 2
1 107 1
1 108 9
1 109 3
1 110 1
1 111 1
1 112 1
1 113 4
1 114 5
1 115 3
1 116 3
1 117 3
1 118 1
1 119 1
1 120 2
1 121 1
1 122 1
1 123 2
1 124 2
1 125 2
1 126 1
1 127 1
1 128 3
1 129 1
1 130 1
1 131 1
1 132 1
1 133 3
1 134 1
1 135 2
1 136 6
1 137 1
1 138 2
1 139 1
1 140 1
1 141 1
1 142 1
1 143 1
1 144 1
1 145 9
1 146 1
1 147 1
1 148 2
1 149 1
1 150 1
1 151 1
1 152 2
1 153 1
1 154 2
1 155 1
1 156 1
1 157 1
1 158 2
1 159 1
1 160 2
1 161 1
1 162 1
1 163 1
1 164 1
1 165 1
1 166 1
1 167 1
1 168 2
1 169 1
1 170 2
1 171 3
1 172 1
1 173 4
1 174 1
1 175 1
1 176 2
1 177 1
1 178 1
1 179 1
1 180 1
1 181 2
1 182 1
1 183 1
1 184 1
1 185 2
1 186 1
1 187 2
1 188 1
1 189 1
1 190 1
1 191 1
1 192 2
1 193 1
1 194 14
1 195 1
1 196 1
1 197 1
1 198 1
1 199 8
1 200 1
1 201 1
1 202 1
1 203 1
1 204 2
1 205 1
1 206 1
1 207 1
1 208 1
1 209 1
1 210 1
1 211 5
1 212 13
1 213 1
1 214 1
1 215 1
1 216 1
1 217 1
1 218 1
1 219 1
1 220 1
1 221 1
1 222 20
1 223 3
