%%MatrixMarket matrix coordinate real general
1 152 152                                         
1 1 1
1 2 3
1 3 1
1 4 1
1 5 6
1 6 1
1 7 2
1 8 4
1 9 4
1 10 1
1 11 1
1 12 13
1 13 2
1 14 1
1 15 1
1 16 1
1 17 10
1 18 1
1 19 1
1 20 21
1 21 1
1 22 1
1 23 1
1 24 1
1 25 1
1 26 1
1 27 1
1 28 1
1 29 1
1 30 1
1 31 2
1 32 1
1 33 1
1 34 1
1 35 2
1 36 1
1 37 3
1 38 5
1 39 1
1 40 1
1 41 4
1 42 1
1 43 2
1 44 1
1 45 2
1 46 3
1 47 1
1 48 1
1 49 1
1 50 3
1 51 2
1 52 1
1 53 1
1 54 1
1 55 1
1 56 1
1 57 2
1 58 1
1 59 2
1 60 1
1 61 1
1 62 1
1 63 8
1 64 1
1 65 1
1 66 2
1 67 6
1 68 2
1 69 2
1 70 1
1 71 2
1 72 2
1 73 2
1 74 1
1 75 6
1 76 1
1 77 1
1 78 2
1 79 2
1 80 2
1 81 3
1 82 1
1 83 1
1 84 1
1 85 2
1 86 3
1 87 1
1 88 1
1 89 2
1 90 1
1 91 1
1 92 2
1 93 1
1 94 1
1 95 3
1 96 2
1 97 1
1 98 1
1 99 1
1 100 1
1 101 1
1 102 1
1 103 1
1 104 1
1 105 1
1 106 1
1 107 1
1 108 2
1 109 4
1 110 1
1 111 3
1 112 1
1 113 7
1 114 2
1 115 1
1 116 1
1 117 1
1 118 2
1 119 7
1 120 1
1 121 1
1 122 1
1 123 1
1 124 1
1 125 2
1 126 4
1 127 1
1 128 1
1 129 1
1 130 2
1 131 2
1 132 1
1 133 1
1 134 1
1 135 2
1 136 1
1 137 1
1 138 2
1 139 1
1 140 2
1 141 1
1 142 1
1 143 1
1 144 3
1 145 3
1 146 2
1 147 2
1 148 2
1 149 1
1 150 9
1 151 1
1 152 1
