%%MatrixMarket matrix coordinate real general
1 192 192                                         
1 1 2
1 2 1
1 3 1
1 4 1
1 5 5
1 6 3
1 7 1
1 8 1
1 9 1
1 10 1
1 11 2
1 12 1
1 13 5
1 14 1
1 15 1
1 16 7
1 17 1
1 18 2
1 19 1
1 20 3
1 21 1
1 22 1
1 23 1
1 24 1
1 25 1
1 26 2
1 27 1
1 28 3
1 29 3
1 30 1
1 31 3
1 32 1
1 33 1
1 34 9
1 35 1
1 36 1
1 37 1
1 38 1
1 39 1
1 40 1
1 41 1
1 42 1
1 43 1
1 44 1
1 45 1
1 46 7
1 47 6
1 48 1
1 49 1
1 50 2
1 51 1
1 52 3
1 53 4
1 54 2
1 55 3
1 56 1
1 57 1
1 58 12
1 59 5
1 60 1
1 61 1
1 62 1
1 63 1
1 64 5
1 65 1
1 66 1
1 67 2
1 68 1
1 69 2
1 70 1
1 71 2
1 72 9
1 73 2
1 74 1
1 75 1
1 76 2
1 77 1
1 78 1
1 79 3
1 80 2
1 81 1
1 82 2
1 83 1
1 84 4
1 85 7
1 86 1
1 87 2
1 88 1
1 89 1
1 90 1
1 91 1
1 92 1
1 93 1
1 94 1
1 95 1
1 96 1
1 97 2
1 98 1
1 99 1
1 100 1
1 101 3
1 102 1
1 103 1
1 104 1
1 105 2
1 106 2
1 107 1
1 108 4
1 109 1
1 110 1
1 111 1
1 112 4
1 113 1
1 114 2
1 115 1
1 116 1
1 117 1
1 118 1
1 119 1
1 120 2
1 121 1
1 122 1
1 123 4
1 124 1
1 125 1
1 126 1
1 127 1
1 128 4
1 129 1
1 130 1
1 131 1
1 132 1
1 133 3
1 134 1
1 135 2
1 136 4
1 137 1
1 138 1
1 139 1
1 140 1
1 141 1
1 142 1
1 143 1
1 144 1
1 145 1
1 146 1
1 147 1
1 148 1
1 149 2
1 150 1
1 151 1
1 152 1
1 153 1
1 154 1
1 155 1
1 156 1
1 157 1
1 158 1
1 159 3
1 160 4
1 161 1
1 162 1
1 163 1
1 164 1
1 165 1
1 166 2
1 167 2
1 168 1
1 169 1
1 170 1
1 171 1
1 172 1
1 173 5
1 174 3
1 175 1
1 176 3
1 177 1
1 178 8
1 179 1
1 180 1
1 181 7
1 182 1
1 183 1
1 184 3
1 185 1
1 186 2
1 187 1
1 188 1
1 189 4
1 190 1
1 191 1
1 192 1
