%%MatrixMarket matrix coordinate real general
1 129 129                                         
1 1 1
1 2 1
1 3 2
1 4 5
1 5 2
1 6 1
1 7 1
1 8 1
1 9 1
1 10 1
1 11 3
1 12 1
1 13 2
1 14 1
1 15 2
1 16 1
1 17 2
1 18 1
1 19 2
1 20 9
1 21 1
1 22 1
1 23 1
1 24 1
1 25 2
1 26 7
1 27 6
1 28 1
1 29 4
1 30 1
1 31 1
1 32 1
1 33 1
1 34 1
1 35 1
1 36 1
1 37 1
1 38 1
1 39 2
1 40 1
1 41 1
1 42 1
1 43 2
1 44 2
1 45 5
1 46 4
1 47 1
1 48 1
1 49 1
1 50 5
1 51 1
1 52 3
1 53 3
1 54 1
1 55 1
1 56 1
1 57 1
1 58 1
1 59 1
1 60 1
1 61 2
1 62 1
1 63 1
1 64 1
1 65 1
1 66 1
1 67 1
1 68 1
1 69 1
1 70 1
1 71 1
1 72 1
1 73 1
1 74 1
1 75 3
1 76 2
1 77 1
1 78 1
1 79 1
1 80 1
1 81 1
1 82 1
1 83 2
1 84 1
1 85 1
1 86 1
1 87 7
1 88 1
1 89 1
1 90 2
1 91 1
1 92 1
1 93 1
1 94 3
1 95 3
1 96 1
1 97 1
1 98 1
1 99 2
1 100 1
1 101 3
1 102 1
1 103 3
1 104 1
1 105 1
1 106 1
1 107 1
1 108 1
1 109 1
1 110 1
1 111 1
1 112 1
1 113 1
1 114 5
1 115 6
1 116 3
1 117 1
1 118 1
1 119 2
1 120 4
1 121 1
1 122 8
1 123 3
1 124 2
1 125 1
1 126 4
1 127 1
1 128 1
1 129 1
