%%MatrixMarket matrix coordinate real general
1 162 162                                         
1 1 3
1 2 2
1 3 1
1 4 1
1 5 1
1 6 3
1 7 1
1 8 3
1 9 1
1 10 2
1 11 1
1 12 1
1 13 3
1 14 5
1 15 2
1 16 5
1 17 4
1 18 1
1 19 2
1 20 1
1 21 1
1 22 4
1 23 14
1 24 2
1 25 1
1 26 2
1 27 2
1 28 1
1 29 1
1 30 1
1 31 1
1 32 1
1 33 1
1 34 2
1 35 1
1 36 2
1 37 1
1 38 1
1 39 2
1 40 1
1 41 1
1 42 2
1 43 1
1 44 1
1 45 2
1 46 1
1 47 1
1 48 1
1 49 1
1 50 1
1 51 1
1 52 2
1 53 2
1 54 1
1 55 2
1 56 1
1 57 1
1 58 2
1 59 1
1 60 1
1 61 1
1 62 1
1 63 2
1 64 1
1 65 2
1 66 2
1 67 2
1 68 1
1 69 1
1 70 1
1 71 1
1 72 1
1 73 1
1 74 1
1 75 2
1 76 3
1 77 1
1 78 1
1 79 1
1 80 1
1 81 3
1 82 2
1 83 1
1 84 2
1 85 1
1 86 1
1 87 2
1 88 6
1 89 1
1 90 1
1 91 1
1 92 1
1 93 1
1 94 1
1 95 1
1 96 3
1 97 1
1 98 3
1 99 1
1 100 1
1 101 1
1 102 1
1 103 1
1 104 1
1 105 1
1 106 2
1 107 2
1 108 1
1 109 3
1 110 1
1 111 1
1 112 1
1 113 4
1 114 1
1 115 9
1 116 1
1 117 1
1 118 2
1 119 1
1 120 1
1 121 1
1 122 1
1 123 1
1 124 5
1 125 1
1 126 1
1 127 15
1 128 2
1 129 1
1 130 7
1 131 1
1 132 1
1 133 1
1 134 1
1 135 1
1 136 1
1 137 1
1 138 1
1 139 1
1 140 1
1 141 1
1 142 1
1 143 1
1 144 1
1 145 3
1 146 2
1 147 1
1 148 3
1 149 1
1 150 2
1 151 2
1 152 1
1 153 1
1 154 5
1 155 2
1 156 2
1 157 1
1 158 2
1 159 1
1 160 1
1 161 1
1 162 4
