%%MatrixMarket matrix coordinate real general
1 65 65                                           
1 1 1
1 2 1
1 3 3
1 4 2
1 5 2
1 6 2
1 7 1
1 8 1
1 9 1
1 10 1
1 11 1
1 12 1
1 13 1
1 14 1
1 15 1
1 16 1
1 17 1
1 18 1
1 19 1
1 20 1
1 21 2
1 22 1
1 23 1
1 24 1
1 25 1
1 26 1
1 27 3
1 28 1
1 29 3
1 30 2
1 31 2
1 32 1
1 33 1
1 34 1
1 35 1
1 36 1
1 37 1
1 38 1
1 39 1
1 40 1
1 41 1
1 42 1
1 43 2
1 44 1
1 45 2
1 46 1
1 47 1
1 48 1
1 49 1
1 50 7
1 51 1
1 52 1
1 53 4
1 54 1
1 55 2
1 56 1
1 57 4
1 58 1
1 59 1
1 60 4
1 61 1
1 62 2
1 63 1
1 64 1
1 65 1
