%%MatrixMarket matrix coordinate real general
1 78 78                                           
1 1 1
1 2 5
1 3 1
1 4 2
1 5 3
1 6 1
1 7 2
1 8 1
1 9 1
1 10 2
1 11 3
1 12 3
1 13 8
1 14 1
1 15 1
1 16 1
1 17 1
1 18 1
1 19 1
1 20 1
1 21 3
1 22 1
1 23 1
1 24 1
1 25 3
1 26 1
1 27 1
1 28 1
1 29 1
1 30 1
1 31 1
1 32 1
1 33 1
1 34 3
1 35 1
1 36 1
1 37 1
1 38 2
1 39 2
1 40 1
1 41 2
1 42 2
1 43 1
1 44 1
1 45 1
1 46 1
1 47 1
1 48 1
1 49 1
1 50 1
1 51 3
1 52 12
1 53 1
1 54 1
1 55 1
1 56 1
1 57 1
1 58 1
1 59 9
1 60 1
1 61 1
1 62 1
1 63 1
1 64 1
1 65 1
1 66 3
1 67 2
1 68 1
1 69 1
1 70 2
1 71 1
1 72 4
1 73 3
1 74 1
1 75 1
1 76 5
1 77 1
1 78 1
