%%MatrixMarket matrix coordinate real general
1 151 151                                         
1 1 13
1 2 1
1 3 2
1 4 8
1 5 1
1 6 1
1 7 3
1 8 7
1 9 1
1 10 1
1 11 1
1 12 2
1 13 1
1 14 1
1 15 6
1 16 2
1 17 1
1 18 2
1 19 1
1 20 2
1 21 1
1 22 1
1 23 6
1 24 4
1 25 1
1 26 11
1 27 1
1 28 1
1 29 2
1 30 5
1 31 1
1 32 1
1 33 2
1 34 1
1 35 1
1 36 1
1 37 1
1 38 2
1 39 5
1 40 1
1 41 1
1 42 1
1 43 1
1 44 10
1 45 1
1 46 1
1 47 1
1 48 10
1 49 1
1 50 2
1 51 1
1 52 1
1 53 1
1 54 3
1 55 1
1 56 1
1 57 1
1 58 1
1 59 3
1 60 1
1 61 1
1 62 1
1 63 1
1 64 1
1 65 1
1 66 2
1 67 10
1 68 2
1 69 1
1 70 1
1 71 1
1 72 1
1 73 1
1 74 9
1 75 3
1 76 1
1 77 1
1 78 2
1 79 2
1 80 8
1 81 1
1 82 2
1 83 1
1 84 1
1 85 1
1 86 2
1 87 1
1 88 6
1 89 1
1 90 1
1 91 1
1 92 1
1 93 4
1 94 1
1 95 1
1 96 1
1 97 3
1 98 1
1 99 4
1 100 1
1 101 1
1 102 1
1 103 3
1 104 3
1 105 7
1 106 1
1 107 2
1 108 1
1 109 1
1 110 1
1 111 1
1 112 1
1 113 1
1 114 1
1 115 2
1 116 1
1 117 1
1 118 2
1 119 1
1 120 1
1 121 2
1 122 1
1 123 1
1 124 1
1 125 1
1 126 1
1 127 8
1 128 1
1 129 1
1 130 1
1 131 1
1 132 2
1 133 1
1 134 3
1 135 1
1 136 1
1 137 2
1 138 1
1 139 5
1 140 1
1 141 2
1 142 2
1 143 2
1 144 2
1 145 1
1 146 1
1 147 14
1 148 3
1 149 1
1 150 5
1 151 7
