%%MatrixMarket matrix coordinate real general
1 166 166                                         
1 1 1
1 2 1
1 3 2
1 4 4
1 5 1
1 6 1
1 7 2
1 8 4
1 9 5
1 10 3
1 11 1
1 12 1
1 13 1
1 14 3
1 15 1
1 16 8
1 17 3
1 18 1
1 19 1
1 20 4
1 21 2
1 22 1
1 23 1
1 24 2
1 25 1
1 26 7
1 27 1
1 28 1
1 29 3
1 30 1
1 31 1
1 32 1
1 33 1
1 34 1
1 35 1
1 36 1
1 37 1
1 38 1
1 39 3
1 40 1
1 41 1
1 42 1
1 43 1
1 44 5
1 45 1
1 46 1
1 47 5
1 48 2
1 49 2
1 50 3
1 51 1
1 52 1
1 53 4
1 54 1
1 55 1
1 56 1
1 57 1
1 58 1
1 59 1
1 60 2
1 61 2
1 62 1
1 63 1
1 64 3
1 65 2
1 66 1
1 67 1
1 68 3
1 69 1
1 70 1
1 71 1
1 72 1
1 73 1
1 74 1
1 75 1
1 76 1
1 77 1
1 78 1
1 79 1
1 80 1
1 81 1
1 82 1
1 83 1
1 84 1
1 85 1
1 86 3
1 87 9
1 88 2
1 89 1
1 90 2
1 91 4
1 92 5
1 93 2
1 94 1
1 95 1
1 96 1
1 97 1
1 98 1
1 99 1
1 100 1
1 101 1
1 102 11
1 103 2
1 104 2
1 105 1
1 106 1
1 107 3
1 108 1
1 109 1
1 110 1
1 111 3
1 112 1
1 113 1
1 114 2
1 115 1
1 116 1
1 117 1
1 118 1
1 119 1
1 120 1
1 121 1
1 122 3
1 123 2
1 124 3
1 125 2
1 126 1
1 127 1
1 128 3
1 129 5
1 130 3
1 131 10
1 132 1
1 133 2
1 134 1
1 135 1
1 136 1
1 137 1
1 138 1
1 139 1
1 140 1
1 141 1
1 142 1
1 143 1
1 144 1
1 145 2
1 146 10
1 147 1
1 148 7
1 149 1
1 150 1
1 151 1
1 152 2
1 153 1
1 154 4
1 155 1
1 156 1
1 157 1
1 158 1
1 159 2
1 160 4
1 161 1
1 162 1
1 163 4
1 164 1
1 165 1
1 166 1
