%%MatrixMarket matrix coordinate real general
1 74 74                                           
1 1 2
1 2 1
1 3 1
1 4 3
1 5 2
1 6 1
1 7 2
1 8 1
1 9 3
1 10 1
1 11 3
1 12 1
1 13 1
1 14 1
1 15 1
1 16 1
1 17 1
1 18 2
1 19 1
1 20 4
1 21 1
1 22 1
1 23 5
1 24 1
1 25 1
1 26 1
1 27 1
1 28 1
1 29 1
1 30 1
1 31 1
1 32 1
1 33 3
1 34 1
1 35 2
1 36 1
1 37 1
1 38 1
1 39 2
1 40 1
1 41 2
1 42 7
1 43 1
1 44 1
1 45 1
1 46 1
1 47 1
1 48 1
1 49 1
1 50 2
1 51 2
1 52 2
1 53 1
1 54 1
1 55 1
1 56 1
1 57 5
1 58 1
1 59 1
1 60 1
1 61 1
1 62 1
1 63 3
1 64 1
1 65 1
1 66 1
1 67 1
1 68 1
1 69 2
1 70 3
1 71 1
1 72 3
1 73 3
1 74 1
