%%MatrixMarket matrix coordinate real general
1 135 135                                         
1 1 1
1 2 3
1 3 1
1 4 1
1 5 1
1 6 1
1 7 6
1 8 1
1 9 1
1 10 4
1 11 2
1 12 2
1 13 3
1 14 1
1 15 1
1 16 1
1 17 1
1 18 1
1 19 1
1 20 6
1 21 1
1 22 16
1 23 1
1 24 1
1 25 1
1 26 1
1 27 3
1 28 1
1 29 1
1 30 1
1 31 3
1 32 1
1 33 1
1 34 1
1 35 1
1 36 1
1 37 2
1 38 1
1 39 1
1 40 1
1 41 1
1 42 4
1 43 2
1 44 6
1 45 1
1 46 2
1 47 1
1 48 1
1 49 1
1 50 1
1 51 3
1 52 2
1 53 3
1 54 1
1 55 7
1 56 2
1 57 3
1 58 1
1 59 2
1 60 1
1 61 2
1 62 1
1 63 1
1 64 1
1 65 1
1 66 1
1 67 1
1 68 1
1 69 2
1 70 1
1 71 1
1 72 1
1 73 3
1 74 1
1 75 4
1 76 1
1 77 1
1 78 1
1 79 1
1 80 2
1 81 1
1 82 1
1 83 1
1 84 1
1 85 1
1 86 1
1 87 2
1 88 1
1 89 20
1 90 2
1 91 1
1 92 1
1 93 2
1 94 1
1 95 1
1 96 1
1 97 1
1 98 1
1 99 1
1 100 1
1 101 3
1 102 5
1 103 1
1 104 2
1 105 1
1 106 1
1 107 1
1 108 1
1 109 2
1 110 2
1 111 1
1 112 2
1 113 3
1 114 1
1 115 1
1 116 1
1 117 2
1 118 1
1 119 1
1 120 3
1 121 1
1 122 1
1 123 1
1 124 1
1 125 2
1 126 2
1 127 1
1 128 1
1 129 1
1 130 1
1 131 2
1 132 1
1 133 2
1 134 1
1 135 1
