%%MatrixMarket matrix coordinate real general
1 159 159                                         
1 1 2
1 2 1
1 3 7
1 4 1
1 5 1
1 6 1
1 7 2
1 8 8
1 9 2
1 10 3
1 11 1
1 12 1
1 13 11
1 14 1
1 15 3
1 16 1
1 17 1
1 18 1
1 19 1
1 20 1
1 21 1
1 22 1
1 23 1
1 24 1
1 25 1
1 26 1
1 27 1
1 28 1
1 29 1
1 30 1
1 31 2
1 32 2
1 33 1
1 34 2
1 35 1
1 36 1
1 37 1
1 38 2
1 39 2
1 40 5
1 41 1
1 42 1
1 43 4
1 44 1
1 45 1
1 46 1
1 47 1
1 48 3
1 49 1
1 50 1
1 51 1
1 52 2
1 53 1
1 54 2
1 55 2
1 56 2
1 57 1
1 58 1
1 59 1
1 60 1
1 61 4
1 62 1
1 63 1
1 64 1
1 65 1
1 66 1
1 67 1
1 68 1
1 69 3
1 70 1
1 71 1
1 72 1
1 73 2
1 74 1
1 75 1
1 76 1
1 77 1
1 78 2
1 79 1
1 80 2
1 81 2
1 82 1
1 83 1
1 84 2
1 85 1
1 86 1
1 87 1
1 88 1
1 89 2
1 90 1
1 91 1
1 92 2
1 93 1
1 94 1
1 95 1
1 96 1
1 97 2
1 98 1
1 99 2
1 100 3
1 101 1
1 102 9
1 103 2
1 104 6
1 105 4
1 106 1
1 107 1
1 108 1
1 109 3
1 110 1
1 111 2
1 112 1
1 113 3
1 114 1
1 115 1
1 116 1
1 117 1
1 118 1
1 119 2
1 120 1
1 121 1
1 122 1
1 123 2
1 124 1
1 125 3
1 126 4
1 127 2
1 128 1
1 129 1
1 130 4
1 131 1
1 132 1
1 133 5
1 134 1
1 135 2
1 136 1
1 137 2
1 138 5
1 139 1
1 140 3
1 141 1
1 142 1
1 143 1
1 144 3
1 145 2
1 146 6
1 147 1
1 148 3
1 149 1
1 150 1
1 151 6
1 152 3
1 153 1
1 154 2
1 155 1
1 156 2
1 157 3
1 158 1
1 159 2
