%%MatrixMarket matrix coordinate real general
1 90 90                                           
1 1 1
1 2 1
1 3 1
1 4 2
1 5 1
1 6 1
1 7 1
1 8 3
1 9 3
1 10 1
1 11 2
1 12 1
1 13 4
1 14 1
1 15 1
1 16 1
1 17 2
1 18 1
1 19 1
1 20 5
1 21 3
1 22 1
1 23 1
1 24 3
1 25 1
1 26 1
1 27 1
1 28 2
1 29 1
1 30 3
1 31 1
1 32 1
1 33 1
1 34 1
1 35 1
1 36 2
1 37 2
1 38 1
1 39 2
1 40 1
1 41 2
1 42 1
1 43 2
1 44 1
1 45 1
1 46 2
1 47 1
1 48 1
1 49 1
1 50 1
1 51 1
1 52 1
1 53 13
1 54 1
1 55 2
1 56 3
1 57 1
1 58 1
1 59 1
1 60 2
1 61 1
1 62 1
1 63 1
1 64 1
1 65 2
1 66 1
1 67 2
1 68 1
1 69 2
1 70 1
1 71 1
1 72 1
1 73 2
1 74 1
1 75 1
1 76 4
1 77 1
1 78 1
1 79 4
1 80 3
1 81 1
1 82 1
1 83 1
1 84 3
1 85 4
1 86 1
1 87 1
1 88 2
1 89 1
1 90 1
