%%MatrixMarket matrix coordinate real general
1 86 86                                           
1 1 1
1 2 4
1 3 1
1 4 1
1 5 1
1 6 1
1 7 1
1 8 2
1 9 2
1 10 1
1 11 2
1 12 2
1 13 1
1 14 1
1 15 1
1 16 1
1 17 1
1 18 1
1 19 1
1 20 1
1 21 2
1 22 1
1 23 1
1 24 2
1 25 1
1 26 1
1 27 3
1 28 1
1 29 1
1 30 3
1 31 1
1 32 2
1 33 1
1 34 1
1 35 1
1 36 1
1 37 1
1 38 1
1 39 1
1 40 1
1 41 4
1 42 1
1 43 1
1 44 2
1 45 1
1 46 2
1 47 1
1 48 1
1 49 1
1 50 1
1 51 1
1 52 2
1 53 1
1 54 1
1 55 1
1 56 1
1 57 1
1 58 2
1 59 1
1 60 1
1 61 1
1 62 1
1 63 1
1 64 1
1 65 1
1 66 1
1 67 1
1 68 1
1 69 2
1 70 1
1 71 1
1 72 1
1 73 2
1 74 1
1 75 1
1 76 1
1 77 7
1 78 3
1 79 1
1 80 1
1 81 1
1 82 1
1 83 1
1 84 1
1 85 1
1 86 1
