%%MatrixMarket matrix coordinate real general
1 79 79                                           
1 1 5
1 2 2
1 3 1
1 4 1
1 5 2
1 6 4
1 7 1
1 8 1
1 9 1
1 10 1
1 11 1
1 12 1
1 13 1
1 14 2
1 15 1
1 16 5
1 17 1
1 18 1
1 19 2
1 20 3
1 21 1
1 22 1
1 23 1
1 24 1
1 25 1
1 26 2
1 27 2
1 28 1
1 29 3
1 30 2
1 31 2
1 32 1
1 33 1
1 34 1
1 35 2
1 36 1
1 37 1
1 38 2
1 39 3
1 40 1
1 41 1
1 42 2
1 43 1
1 44 1
1 45 2
1 46 1
1 47 1
1 48 1
1 49 2
1 50 1
1 51 1
1 52 1
1 53 1
1 54 1
1 55 1
1 56 1
1 57 1
1 58 1
1 59 1
1 60 1
1 61 1
1 62 12
1 63 1
1 64 1
1 65 1
1 66 8
1 67 1
1 68 1
1 69 1
1 70 1
1 71 2
1 72 6
1 73 1
1 74 1
1 75 1
1 76 1
1 77 1
1 78 4
1 79 1
