%%MatrixMarket matrix coordinate real general
1 121 121                                         
1 1 1
1 2 1
1 3 4
1 4 2
1 5 7
1 6 2
1 7 1
1 8 5
1 9 1
1 10 1
1 11 15
1 12 2
1 13 3
1 14 2
1 15 1
1 16 5
1 17 2
1 18 1
1 19 2
1 20 1
1 21 1
1 22 5
1 23 2
1 24 1
1 25 2
1 26 2
1 27 1
1 28 1
1 29 3
1 30 1
1 31 1
1 32 1
1 33 1
1 34 1
1 35 1
1 36 1
1 37 1
1 38 2
1 39 1
1 40 1
1 41 1
1 42 2
1 43 1
1 44 2
1 45 1
1 46 1
1 47 1
1 48 2
1 49 2
1 50 1
1 51 1
1 52 1
1 53 2
1 54 2
1 55 1
1 56 1
1 57 1
1 58 1
1 59 2
1 60 1
1 61 1
1 62 1
1 63 1
1 64 1
1 65 1
1 66 2
1 67 1
1 68 1
1 69 1
1 70 8
1 71 1
1 72 1
1 73 1
1 74 1
1 75 1
1 76 1
1 77 5
1 78 1
1 79 1
1 80 1
1 81 1
1 82 2
1 83 2
1 84 1
1 85 1
1 86 1
1 87 4
1 88 1
1 89 2
1 90 1
1 91 2
1 92 1
1 93 3
1 94 3
1 95 6
1 96 1
1 97 1
1 98 1
1 99 10
1 100 1
1 101 2
1 102 9
1 103 1
1 104 1
1 105 2
1 106 5
1 107 1
1 108 1
1 109 4
1 110 1
1 111 1
1 112 2
1 113 1
1 114 2
1 115 1
1 116 1
1 117 1
1 118 1
1 119 3
1 120 1
1 121 1
