%%MatrixMarket matrix coordinate real general
1 149 149                                         
1 1 1
1 2 1
1 3 1
1 4 1
1 5 1
1 6 1
1 7 1
1 8 1
1 9 1
1 10 3
1 11 2
1 12 1
1 13 1
1 14 1
1 15 1
1 16 1
1 17 1
1 18 1
1 19 1
1 20 1
1 21 1
1 22 2
1 23 1
1 24 1
1 25 1
1 26 1
1 27 1
1 28 4
1 29 2
1 30 1
1 31 1
1 32 2
1 33 1
1 34 1
1 35 1
1 36 4
1 37 2
1 38 2
1 39 1
1 40 1
1 41 2
1 42 1
1 43 1
1 44 1
1 45 2
1 46 3
1 47 9
1 48 1
1 49 3
1 50 1
1 51 1
1 52 1
1 53 2
1 54 1
1 55 1
1 56 1
1 57 1
1 58 1
1 59 1
1 60 1
1 61 1
1 62 1
1 63 1
1 64 1
1 65 1
1 66 1
1 67 1
1 68 1
1 69 1
1 70 1
1 71 1
1 72 1
1 73 1
1 74 1
1 75 1
1 76 1
1 77 1
1 78 1
1 79 1
1 80 4
1 81 1
1 82 1
1 83 6
1 84 2
1 85 1
1 86 3
1 87 12
1 88 1
1 89 1
1 90 1
1 91 1
1 92 1
1 93 14
1 94 1
1 95 2
1 96 1
1 97 1
1 98 1
1 99 1
1 100 1
1 101 1
1 102 1
1 103 3
1 104 2
1 105 3
1 106 1
1 107 1
1 108 1
1 109 4
1 110 6
1 111 1
1 112 2
1 113 1
1 114 1
1 115 1
1 116 6
1 117 1
1 118 3
1 119 1
1 120 1
1 121 4
1 122 7
1 123 1
1 124 1
1 125 4
1 126 1
1 127 1
1 128 1
1 129 1
1 130 1
1 131 1
1 132 1
1 133 1
1 134 1
1 135 1
1 136 1
1 137 4
1 138 3
1 139 2
1 140 3
1 141 1
1 142 4
1 143 1
1 144 3
1 145 1
1 146 1
1 147 1
1 148 2
1 149 2
