%%MatrixMarket matrix coordinate real general
1 98 98                                           
1 1 2
1 2 1
1 3 1
1 4 1
1 5 1
1 6 1
1 7 2
1 8 1
1 9 3
1 10 4
1 11 2
1 12 1
1 13 3
1 14 1
1 15 1
1 16 1
1 17 1
1 18 1
1 19 1
1 20 1
1 21 2
1 22 7
1 23 2
1 24 1
1 25 1
1 26 1
1 27 2
1 28 1
1 29 1
1 30 1
1 31 2
1 32 2
1 33 1
1 34 1
1 35 1
1 36 1
1 37 1
1 38 1
1 39 13
1 40 1
1 41 2
1 42 13
1 43 1
1 44 3
1 45 1
1 46 1
1 47 1
1 48 1
1 49 1
1 50 1
1 51 1
1 52 1
1 53 1
1 54 1
1 55 1
1 56 2
1 57 1
1 58 1
1 59 9
1 60 1
1 61 1
1 62 1
1 63 2
1 64 1
1 65 1
1 66 2
1 67 1
1 68 1
1 69 2
1 70 3
1 71 1
1 72 1
1 73 1
1 74 1
1 75 1
1 76 4
1 77 3
1 78 1
1 79 1
1 80 1
1 81 3
1 82 8
1 83 3
1 84 1
1 85 4
1 86 1
1 87 2
1 88 5
1 89 1
1 90 1
1 91 1
1 92 1
1 93 1
1 94 1
1 95 1
1 96 5
1 97 4
1 98 3
