%%MatrixMarket matrix coordinate real general
1 108 108                                         
1 1 1
1 2 1
1 3 1
1 4 2
1 5 1
1 6 1
1 7 1
1 8 1
1 9 1
1 10 16
1 11 6
1 12 5
1 13 3
1 14 1
1 15 3
1 16 1
1 17 1
1 18 1
1 19 6
1 20 2
1 21 1
1 22 1
1 23 1
1 24 1
1 25 1
1 26 1
1 27 3
1 28 1
1 29 1
1 30 1
1 31 3
1 32 1
1 33 1
1 34 1
1 35 1
1 36 2
1 37 2
1 38 1
1 39 1
1 40 1
1 41 1
1 42 1
1 43 1
1 44 2
1 45 1
1 46 1
1 47 1
1 48 1
1 49 6
1 50 1
1 51 1
1 52 2
1 53 5
1 54 1
1 55 1
1 56 1
1 57 1
1 58 1
1 59 1
1 60 1
1 61 1
1 62 1
1 63 1
1 64 1
1 65 3
1 66 8
1 67 1
1 68 1
1 69 1
1 70 1
1 71 2
1 72 2
1 73 2
1 74 3
1 75 1
1 76 1
1 77 1
1 78 1
1 79 1
1 80 1
1 81 2
1 82 1
1 83 1
1 84 1
1 85 2
1 86 1
1 87 1
1 88 2
1 89 2
1 90 1
1 91 1
1 92 1
1 93 1
1 94 1
1 95 1
1 96 1
1 97 1
1 98 11
1 99 6
1 100 1
1 101 2
1 102 1
1 103 1
1 104 1
1 105 1
1 106 2
1 107 2
1 108 1
