%%MatrixMarket matrix coordinate real general
1 112 112                                         
1 1 1
1 2 1
1 3 1
1 4 1
1 5 1
1 6 2
1 7 1
1 8 2
1 9 1
1 10 8
1 11 1
1 12 1
1 13 2
1 14 1
1 15 1
1 16 2
1 17 1
1 18 2
1 19 1
1 20 3
1 21 1
1 22 2
1 23 2
1 24 1
1 25 1
1 26 1
1 27 1
1 28 1
1 29 2
1 30 1
1 31 1
1 32 1
1 33 1
1 34 1
1 35 1
1 36 2
1 37 1
1 38 1
1 39 2
1 40 1
1 41 1
1 42 1
1 43 1
1 44 1
1 45 1
1 46 1
1 47 1
1 48 4
1 49 3
1 50 1
1 51 1
1 52 1
1 53 3
1 54 1
1 55 2
1 56 2
1 57 2
1 58 4
1 59 1
1 60 1
1 61 1
1 62 1
1 63 1
1 64 1
1 65 2
1 66 1
1 67 1
1 68 1
1 69 2
1 70 1
1 71 1
1 72 2
1 73 1
1 74 1
1 75 1
1 76 1
1 77 1
1 78 1
1 79 1
1 80 1
1 81 1
1 82 4
1 83 1
1 84 2
1 85 2
1 86 4
1 87 3
1 88 1
1 89 1
1 90 1
1 91 1
1 92 1
1 93 2
1 94 3
1 95 1
1 96 1
1 97 2
1 98 2
1 99 1
1 100 1
1 101 1
1 102 1
1 103 4
1 104 1
1 105 2
1 106 1
1 107 1
1 108 4
1 109 2
1 110 1
1 111 3
1 112 1
