%%MatrixMarket matrix coordinate real general
1 129 129                                         
1 1 2
1 2 3
1 3 1
1 4 1
1 5 1
1 6 1
1 7 1
1 8 6
1 9 10
1 10 1
1 11 2
1 12 1
1 13 3
1 14 1
1 15 2
1 16 4
1 17 2
1 18 1
1 19 4
1 20 2
1 21 2
1 22 1
1 23 2
1 24 1
1 25 1
1 26 1
1 27 5
1 28 1
1 29 1
1 30 1
1 31 1
1 32 2
1 33 2
1 34 7
1 35 1
1 36 1
1 37 1
1 38 1
1 39 1
1 40 1
1 41 1
1 42 1
1 43 1
1 44 1
1 45 6
1 46 1
1 47 1
1 48 2
1 49 1
1 50 1
1 51 1
1 52 1
1 53 1
1 54 2
1 55 3
1 56 1
1 57 1
1 58 1
1 59 3
1 60 1
1 61 2
1 62 5
1 63 1
1 64 1
1 65 1
1 66 1
1 67 1
1 68 13
1 69 1
1 70 2
1 71 4
1 72 1
1 73 1
1 74 1
1 75 1
1 76 1
1 77 8
1 78 1
1 79 1
1 80 1
1 81 1
1 82 1
1 83 1
1 84 1
1 85 1
1 86 1
1 87 8
1 88 6
1 89 1
1 90 1
1 91 2
1 92 2
1 93 1
1 94 1
1 95 1
1 96 2
1 97 1
1 98 13
1 99 3
1 100 1
1 101 2
1 102 1
1 103 4
1 104 2
1 105 7
1 106 2
1 107 3
1 108 1
1 109 1
1 110 1
1 111 1
1 112 1
1 113 7
1 114 3
1 115 1
1 116 4
1 117 1
1 118 1
1 119 3
1 120 1
1 121 1
1 122 1
1 123 7
1 124 1
1 125 1
1 126 1
1 127 5
1 128 2
1 129 16
