%%MatrixMarket matrix coordinate real general
1 162 162                                         
1 1 1
1 2 1
1 3 3
1 4 1
1 5 1
1 6 1
1 7 3
1 8 1
1 9 6
1 10 1
1 11 1
1 12 1
1 13 1
1 14 1
1 15 1
1 16 1
1 17 1
1 18 2
1 19 1
1 20 1
1 21 1
1 22 2
1 23 3
1 24 1
1 25 3
1 26 1
1 27 1
1 28 1
1 29 4
1 30 4
1 31 1
1 32 2
1 33 1
1 34 1
1 35 1
1 36 1
1 37 1
1 38 1
1 39 1
1 40 1
1 41 1
1 42 1
1 43 3
1 44 1
1 45 1
1 46 13
1 47 1
1 48 1
1 49 2
1 50 1
1 51 1
1 52 1
1 53 1
1 54 2
1 55 3
1 56 10
1 57 1
1 58 4
1 59 1
1 60 1
1 61 1
1 62 1
1 63 1
1 64 1
1 65 1
1 66 1
1 67 1
1 68 1
1 69 1
1 70 1
1 71 1
1 72 1
1 73 1
1 74 1
1 75 3
1 76 1
1 77 1
1 78 1
1 79 2
1 80 3
1 81 1
1 82 1
1 83 3
1 84 1
1 85 1
1 86 2
1 87 1
1 88 1
1 89 3
1 90 1
1 91 2
1 92 1
1 93 3
1 94 5
1 95 2
1 96 1
1 97 1
1 98 2
1 99 2
1 100 1
1 101 1
1 102 2
1 103 1
1 104 1
1 105 2
1 106 2
1 107 1
1 108 1
1 109 3
1 110 1
1 111 1
1 112 1
1 113 1
1 114 1
1 115 1
1 116 1
1 117 1
1 118 2
1 119 4
1 120 1
1 121 1
1 122 1
1 123 1
1 124 1
1 125 1
1 126 1
1 127 1
1 128 2
1 129 1
1 130 1
1 131 1
1 132 2
1 133 1
1 134 1
1 135 1
1 136 1
1 137 1
1 138 2
1 139 1
1 140 1
1 141 1
1 142 5
1 143 1
1 144 1
1 145 1
1 146 1
1 147 1
1 148 3
1 149 1
1 150 1
1 151 1
1 152 1
1 153 1
1 154 6
1 155 1
1 156 1
1 157 1
1 158 1
1 159 1
1 160 1
1 161 5
1 162 1
