%%MatrixMarket matrix coordinate real general
1 109 109                                         
1 1 1
1 2 1
1 3 1
1 4 1
1 5 1
1 6 5
1 7 1
1 8 2
1 9 2
1 10 5
1 11 1
1 12 1
1 13 1
1 14 3
1 15 1
1 16 1
1 17 1
1 18 2
1 19 1
1 20 5
1 21 3
1 22 1
1 23 1
1 24 1
1 25 2
1 26 2
1 27 1
1 28 2
1 29 1
1 30 2
1 31 1
1 32 2
1 33 2
1 34 5
1 35 1
1 36 1
1 37 2
1 38 4
1 39 1
1 40 11
1 41 2
1 42 3
1 43 1
1 44 1
1 45 2
1 46 1
1 47 1
1 48 1
1 49 1
1 50 1
1 51 1
1 52 1
1 53 2
1 54 2
1 55 7
1 56 1
1 57 1
1 58 1
1 59 1
1 60 1
1 61 6
1 62 1
1 63 3
1 64 1
1 65 1
1 66 2
1 67 1
1 68 4
1 69 1
1 70 1
1 71 2
1 72 2
1 73 1
1 74 2
1 75 1
1 76 2
1 77 1
1 78 1
1 79 1
1 80 2
1 81 1
1 82 1
1 83 1
1 84 1
1 85 2
1 86 1
1 87 1
1 88 1
1 89 2
1 90 1
1 91 2
1 92 1
1 93 3
1 94 1
1 95 1
1 96 1
1 97 1
1 98 2
1 99 1
1 100 1
1 101 4
1 102 1
1 103 1
1 104 3
1 105 1
1 106 1
1 107 2
1 108 1
1 109 1
