%%MatrixMarket matrix coordinate real general
1 235 235                                         
1 1 1
1 2 1
1 3 1
1 4 3
1 5 1
1 6 2
1 7 1
1 8 1
1 9 1
1 10 1
1 11 3
1 12 2
1 13 3
1 14 9
1 15 1
1 16 10
1 17 1
1 18 1
1 19 1
1 20 2
1 21 1
1 22 1
1 23 1
1 24 1
1 25 1
1 26 1
1 27 2
1 28 1
1 29 6
1 30 1
1 31 1
1 32 1
1 33 8
1 34 1
1 35 1
1 36 2
1 37 1
1 38 1
1 39 1
1 40 4
1 41 1
1 42 2
1 43 1
1 44 1
1 45 1
1 46 3
1 47 1
1 48 2
1 49 1
1 50 2
1 51 1
1 52 1
1 53 1
1 54 1
1 55 1
1 56 2
1 57 1
1 58 6
1 59 1
1 60 1
1 61 1
1 62 1
1 63 1
1 64 1
1 65 1
1 66 1
1 67 1
1 68 1
1 69 1
1 70 2
1 71 4
1 72 2
1 73 1
1 74 5
1 75 12
1 76 2
1 77 3
1 78 22
1 79 1
1 80 1
1 81 1
1 82 1
1 83 1
1 84 1
1 85 2
1 86 1
1 87 1
1 88 1
1 89 1
1 90 3
1 91 1
1 92 1
1 93 1
1 94 1
1 95 1
1 96 1
1 97 1
1 98 1
1 99 1
1 100 1
1 101 4
1 102 1
1 103 4
1 104 1
1 105 1
1 106 1
1 107 1
1 108 1
1 109 1
1 110 2
1 111 1
1 112 1
1 113 1
1 114 1
1 115 1
1 116 1
1 117 1
1 118 1
1 119 1
1 120 1
1 121 2
1 122 1
1 123 8
1 124 1
1 125 1
1 126 5
1 127 1
1 128 3
1 129 3
1 130 1
1 131 1
1 132 2
1 133 1
1 134 1
1 135 1
1 136 2
1 137 3
1 138 1
1 139 1
1 140 1
1 141 2
1 142 1
1 143 1
1 144 1
1 145 1
1 146 6
1 147 2
1 148 2
1 149 1
1 150 1
1 151 1
1 152 1
1 153 1
1 154 1
1 155 1
1 156 1
1 157 1
1 158 2
1 159 1
1 160 1
1 161 1
1 162 1
1 163 1
1 164 1
1 165 1
1 166 1
1 167 1
1 168 1
1 169 1
1 170 1
1 171 2
1 172 1
1 173 1
1 174 1
1 175 1
1 176 1
1 177 2
1 178 2
1 179 1
1 180 1
1 181 1
1 182 2
1 183 1
1 184 1
1 185 1
1 186 1
1 187 2
1 188 1
1 189 1
1 190 1
1 191 1
1 192 1
1 193 1
1 194 1
1 195 2
1 196 1
1 197 1
1 198 1
1 199 1
1 200 2
1 201 1
1 202 2
1 203 1
1 204 1
1 205 2
1 206 1
1 207 7
1 208 2
1 209 1
1 210 2
1 211 2
1 212 1
1 213 1
1 214 1
1 215 6
1 216 1
1 217 1
1 218 2
1 219 2
1 220 2
1 221 4
1 222 1
1 223 1
1 224 1
1 225 2
1 226 1
1 227 1
1 228 2
1 229 1
1 230 1
1 231 2
1 232 1
1 233 1
1 234 1
1 235 1
