%%MatrixMarket matrix coordinate real general
1 89 89                                           
1 1 1
1 2 1
1 3 5
1 4 1
1 5 3
1 6 1
1 7 12
1 8 1
1 9 2
1 10 1
1 11 1
1 12 1
1 13 1
1 14 1
1 15 1
1 16 1
1 17 1
1 18 1
1 19 2
1 20 1
1 21 3
1 22 4
1 23 1
1 24 1
1 25 3
1 26 1
1 27 7
1 28 2
1 29 1
1 30 4
1 31 1
1 32 1
1 33 1
1 34 2
1 35 1
1 36 1
1 37 1
1 38 1
1 39 2
1 40 1
1 41 1
1 42 1
1 43 1
1 44 1
1 45 1
1 46 2
1 47 1
1 48 1
1 49 8
1 50 1
1 51 1
1 52 1
1 53 2
1 54 2
1 55 1
1 56 4
1 57 2
1 58 1
1 59 2
1 60 1
1 61 1
1 62 1
1 63 2
1 64 2
1 65 2
1 66 1
1 67 1
1 68 1
1 69 1
1 70 2
1 71 1
1 72 1
1 73 1
1 74 1
1 75 1
1 76 5
1 77 1
1 78 1
1 79 1
1 80 1
1 81 3
1 82 2
1 83 1
1 84 1
1 85 1
1 86 1
1 87 1
1 88 3
1 89 1
