%%MatrixMarket matrix coordinate real general
1 115 115                                         
1 1 1
1 2 4
1 3 2
1 4 4
1 5 2
1 6 7
1 7 2
1 8 1
1 9 1
1 10 1
1 11 1
1 12 6
1 13 1
1 14 1
1 15 4
1 16 1
1 17 1
1 18 2
1 19 1
1 20 1
1 21 1
1 22 1
1 23 2
1 24 1
1 25 9
1 26 1
1 27 1
1 28 2
1 29 2
1 30 3
1 31 1
1 32 3
1 33 1
1 34 1
1 35 1
1 36 1
1 37 2
1 38 2
1 39 1
1 40 2
1 41 1
1 42 1
1 43 1
1 44 1
1 45 1
1 46 1
1 47 1
1 48 1
1 49 1
1 50 2
1 51 1
1 52 1
1 53 7
1 54 6
1 55 2
1 56 1
1 57 1
1 58 2
1 59 1
1 60 1
1 61 1
1 62 1
1 63 2
1 64 1
1 65 1
1 66 1
1 67 1
1 68 1
1 69 1
1 70 1
1 71 1
1 72 2
1 73 1
1 74 2
1 75 1
1 76 1
1 77 1
1 78 3
1 79 3
1 80 1
1 81 1
1 82 1
1 83 1
1 84 5
1 85 1
1 86 1
1 87 2
1 88 1
1 89 1
1 90 2
1 91 1
1 92 1
1 93 3
1 94 1
1 95 1
1 96 1
1 97 1
1 98 2
1 99 1
1 100 1
1 101 1
1 102 1
1 103 3
1 104 2
1 105 1
1 106 1
1 107 1
1 108 1
1 109 3
1 110 2
1 111 1
1 112 1
1 113 1
1 114 1
1 115 1
