%%MatrixMarket matrix coordinate real general
1 113 113                                         
1 1 1
1 2 1
1 3 1
1 4 1
1 5 1
1 6 1
1 7 1
1 8 1
1 9 2
1 10 4
1 11 3
1 12 1
1 13 1
1 14 1
1 15 1
1 16 1
1 17 1
1 18 1
1 19 1
1 20 1
1 21 1
1 22 1
1 23 1
1 24 1
1 25 1
1 26 1
1 27 1
1 28 1
1 29 1
1 30 1
1 31 1
1 32 1
1 33 2
1 34 1
1 35 2
1 36 1
1 37 1
1 38 1
1 39 3
1 40 1
1 41 1
1 42 1
1 43 3
1 44 1
1 45 1
1 46 3
1 47 2
1 48 3
1 49 1
1 50 10
1 51 4
1 52 2
1 53 2
1 54 1
1 55 2
1 56 1
1 57 1
1 58 1
1 59 1
1 60 1
1 61 1
1 62 1
1 63 1
1 64 1
1 65 2
1 66 1
1 67 3
1 68 1
1 69 2
1 70 1
1 71 1
1 72 2
1 73 1
1 74 7
1 75 1
1 76 1
1 77 2
1 78 1
1 79 1
1 80 1
1 81 1
1 82 1
1 83 3
1 84 2
1 85 2
1 86 1
1 87 1
1 88 4
1 89 1
1 90 3
1 91 2
1 92 2
1 93 1
1 94 1
1 95 1
1 96 1
1 97 1
1 98 1
1 99 2
1 100 1
1 101 1
1 102 2
1 103 2
1 104 1
1 105 1
1 106 1
1 107 1
1 108 1
1 109 2
1 110 1
1 111 1
1 112 1
1 113 1
