%%MatrixMarket matrix coordinate real general
1 111 111                                         
1 1 1
1 2 1
1 3 1
1 4 1
1 5 1
1 6 3
1 7 3
1 8 2
1 9 1
1 10 1
1 11 2
1 12 1
1 13 2
1 14 1
1 15 1
1 16 1
1 17 7
1 18 1
1 19 1
1 20 5
1 21 1
1 22 1
1 23 1
1 24 1
1 25 1
1 26 1
1 27 2
1 28 1
1 29 1
1 30 2
1 31 1
1 32 2
1 33 1
1 34 1
1 35 1
1 36 1
1 37 2
1 38 1
1 39 1
1 40 1
1 41 1
1 42 3
1 43 2
1 44 2
1 45 3
1 46 1
1 47 1
1 48 1
1 49 1
1 50 1
1 51 1
1 52 1
1 53 1
1 54 1
1 55 1
1 56 1
1 57 1
1 58 1
1 59 1
1 60 1
1 61 2
1 62 1
1 63 4
1 64 1
1 65 2
1 66 3
1 67 1
1 68 2
1 69 1
1 70 1
1 71 1
1 72 1
1 73 2
1 74 1
1 75 1
1 76 1
1 77 1
1 78 2
1 79 2
1 80 4
1 81 1
1 82 1
1 83 1
1 84 1
1 85 2
1 86 1
1 87 6
1 88 1
1 89 1
1 90 1
1 91 1
1 92 1
1 93 3
1 94 1
1 95 1
1 96 1
1 97 1
1 98 3
1 99 1
1 100 2
1 101 1
1 102 1
1 103 3
1 104 4
1 105 1
1 106 1
1 107 3
1 108 1
1 109 2
1 110 2
1 111 1
