%%MatrixMarket matrix coordinate real general
1 143 143                                         
1 1 1
1 2 1
1 3 2
1 4 1
1 5 1
1 6 1
1 7 17
1 8 1
1 9 1
1 10 1
1 11 3
1 12 2
1 13 1
1 14 4
1 15 5
1 16 1
1 17 2
1 18 1
1 19 1
1 20 2
1 21 1
1 22 2
1 23 1
1 24 1
1 25 1
1 26 2
1 27 3
1 28 10
1 29 1
1 30 1
1 31 1
1 32 1
1 33 2
1 34 1
1 35 1
1 36 1
1 37 7
1 38 1
1 39 2
1 40 1
1 41 4
1 42 3
1 43 2
1 44 1
1 45 1
1 46 1
1 47 2
1 48 7
1 49 1
1 50 1
1 51 3
1 52 3
1 53 1
1 54 2
1 55 3
1 56 1
1 57 3
1 58 1
1 59 1
1 60 1
1 61 28
1 62 2
1 63 1
1 64 1
1 65 1
1 66 1
1 67 4
1 68 2
1 69 2
1 70 2
1 71 7
1 72 1
1 73 3
1 74 4
1 75 1
1 76 12
1 77 2
1 78 1
1 79 1
1 80 1
1 81 1
1 82 1
1 83 1
1 84 4
1 85 4
1 86 1
1 87 1
1 88 3
1 89 1
1 90 3
1 91 1
1 92 1
1 93 1
1 94 1
1 95 1
1 96 1
1 97 1
1 98 2
1 99 1
1 100 1
1 101 1
1 102 1
1 103 15
1 104 1
1 105 1
1 106 1
1 107 8
1 108 2
1 109 1
1 110 12
1 111 1
1 112 1
1 113 1
1 114 2
1 115 2
1 116 15
1 117 8
1 118 1
1 119 1
1 120 7
1 121 1
1 122 2
1 123 1
1 124 1
1 125 1
1 126 2
1 127 9
1 128 4
1 129 28
1 130 2
1 131 1
1 132 1
1 133 5
1 134 1
1 135 1
1 136 19
1 137 1
1 138 1
1 139 1
1 140 2
1 141 5
1 142 15
1 143 1
