%%MatrixMarket matrix coordinate real general
1 141 141                                         
1 1 1
1 2 1
1 3 1
1 4 2
1 5 1
1 6 4
1 7 2
1 8 1
1 9 1
1 10 3
1 11 9
1 12 1
1 13 1
1 14 1
1 15 1
1 16 3
1 17 1
1 18 2
1 19 1
1 20 1
1 21 2
1 22 13
1 23 2
1 24 1
1 25 2
1 26 1
1 27 3
1 28 1
1 29 1
1 30 1
1 31 1
1 32 1
1 33 2
1 34 3
1 35 1
1 36 2
1 37 2
1 38 1
1 39 1
1 40 1
1 41 1
1 42 4
1 43 5
1 44 1
1 45 1
1 46 1
1 47 1
1 48 4
1 49 2
1 50 4
1 51 10
1 52 1
1 53 2
1 54 1
1 55 1
1 56 4
1 57 10
1 58 1
1 59 2
1 60 1
1 61 2
1 62 2
1 63 1
1 64 1
1 65 11
1 66 1
1 67 1
1 68 1
1 69 1
1 70 1
1 71 2
1 72 1
1 73 1
1 74 7
1 75 1
1 76 1
1 77 1
1 78 1
1 79 1
1 80 3
1 81 2
1 82 2
1 83 1
1 84 1
1 85 1
1 86 2
1 87 1
1 88 2
1 89 1
1 90 1
1 91 1
1 92 1
1 93 1
1 94 3
1 95 1
1 96 1
1 97 5
1 98 1
1 99 1
1 100 2
1 101 2
1 102 2
1 103 1
1 104 2
1 105 1
1 106 1
1 107 2
1 108 1
1 109 1
1 110 1
1 111 1
1 112 4
1 113 1
1 114 1
1 115 1
1 116 1
1 117 2
1 118 1
1 119 1
1 120 1
1 121 6
1 122 1
1 123 2
1 124 1
1 125 3
1 126 1
1 127 1
1 128 1
1 129 1
1 130 1
1 131 5
1 132 1
1 133 3
1 134 1
1 135 1
1 136 1
1 137 1
1 138 4
1 139 2
1 140 1
1 141 1
