%%MatrixMarket matrix coordinate real general
1 108 108                                         
1 1 1
1 2 5
1 3 2
1 4 1
1 5 1
1 6 5
1 7 1
1 8 1
1 9 1
1 10 3
1 11 1
1 12 1
1 13 4
1 14 1
1 15 1
1 16 1
1 17 1
1 18 1
1 19 1
1 20 2
1 21 1
1 22 1
1 23 1
1 24 1
1 25 3
1 26 4
1 27 3
1 28 1
1 29 1
1 30 1
1 31 1
1 32 1
1 33 1
1 34 2
1 35 4
1 36 1
1 37 2
1 38 1
1 39 1
1 40 1
1 41 1
1 42 1
1 43 1
1 44 1
1 45 1
1 46 1
1 47 1
1 48 1
1 49 1
1 50 1
1 51 1
1 52 2
1 53 1
1 54 2
1 55 1
1 56 2
1 57 1
1 58 1
1 59 1
1 60 1
1 61 2
1 62 2
1 63 1
1 64 1
1 65 1
1 66 2
1 67 1
1 68 1
1 69 4
1 70 1
1 71 1
1 72 1
1 73 1
1 74 1
1 75 3
1 76 1
1 77 1
1 78 1
1 79 2
1 80 1
1 81 3
1 82 1
1 83 1
1 84 10
1 85 4
1 86 2
1 87 1
1 88 10
1 89 1
1 90 1
1 91 1
1 92 1
1 93 1
1 94 1
1 95 1
1 96 2
1 97 3
1 98 1
1 99 1
1 100 1
1 101 2
1 102 3
1 103 1
1 104 1
1 105 1
1 106 2
1 107 4
1 108 2
