%%MatrixMarket matrix coordinate real general
1 78 78                                           
1 1 1
1 2 1
1 3 1
1 4 2
1 5 3
1 6 2
1 7 1
1 8 1
1 9 4
1 10 2
1 11 1
1 12 1
1 13 2
1 14 1
1 15 2
1 16 1
1 17 2
1 18 1
1 19 1
1 20 1
1 21 1
1 22 1
1 23 1
1 24 2
1 25 1
1 26 1
1 27 1
1 28 1
1 29 7
1 30 1
1 31 1
1 32 1
1 33 1
1 34 1
1 35 1
1 36 1
1 37 1
1 38 1
1 39 4
1 40 1
1 41 1
1 42 1
1 43 1
1 44 1
1 45 2
1 46 2
1 47 1
1 48 1
1 49 1
1 50 4
1 51 1
1 52 1
1 53 2
1 54 1
1 55 5
1 56 1
1 57 1
1 58 1
1 59 1
1 60 1
1 61 1
1 62 1
1 63 2
1 64 1
1 65 1
1 66 9
1 67 1
1 68 1
1 69 1
1 70 1
1 71 2
1 72 3
1 73 1
1 74 3
1 75 1
1 76 1
1 77 1
1 78 1
