%%MatrixMarket matrix coordinate real general
1 173 173                                         
1 1 3
1 2 1
1 3 1
1 4 2
1 5 1
1 6 3
1 7 1
1 8 1
1 9 10
1 10 1
1 11 4
1 12 1
1 13 1
1 14 8
1 15 2
1 16 1
1 17 1
1 18 2
1 19 1
1 20 1
1 21 1
1 22 1
1 23 1
1 24 1
1 25 1
1 26 1
1 27 27
1 28 1
1 29 3
1 30 2
1 31 1
1 32 2
1 33 1
1 34 1
1 35 2
1 36 1
1 37 2
1 38 1
1 39 1
1 40 1
1 41 1
1 42 1
1 43 1
1 44 2
1 45 1
1 46 1
1 47 1
1 48 2
1 49 1
1 50 1
1 51 1
1 52 6
1 53 1
1 54 3
1 55 1
1 56 1
1 57 3
1 58 1
1 59 1
1 60 1
1 61 1
1 62 1
1 63 1
1 64 2
1 65 1
1 66 2
1 67 1
1 68 1
1 69 1
1 70 1
1 71 1
1 72 1
1 73 4
1 74 1
1 75 2
1 76 4
1 77 6
1 78 1
1 79 2
1 80 1
1 81 1
1 82 1
1 83 2
1 84 3
1 85 1
1 86 1
1 87 1
1 88 4
1 89 1
1 90 1
1 91 1
1 92 1
1 93 1
1 94 1
1 95 1
1 96 5
1 97 1
1 98 2
1 99 1
1 100 1
1 101 1
1 102 1
1 103 1
1 104 1
1 105 1
1 106 1
1 107 1
1 108 1
1 109 1
1 110 8
1 111 2
1 112 1
1 113 1
1 114 2
1 115 1
1 116 4
1 117 1
1 118 1
1 119 1
1 120 1
1 121 1
1 122 1
1 123 4
1 124 2
1 125 1
1 126 2
1 127 1
1 128 1
1 129 1
1 130 1
1 131 2
1 132 1
1 133 1
1 134 2
1 135 2
1 136 1
1 137 1
1 138 2
1 139 1
1 140 1
1 141 1
1 142 5
1 143 1
1 144 1
1 145 1
1 146 1
1 147 1
1 148 2
1 149 1
1 150 1
1 151 2
1 152 1
1 153 1
1 154 15
1 155 2
1 156 1
1 157 1
1 158 2
1 159 1
1 160 2
1 161 2
1 162 3
1 163 1
1 164 1
1 165 9
1 166 3
1 167 1
1 168 1
1 169 2
1 170 1
1 171 1
1 172 2
1 173 1
