%%MatrixMarket matrix coordinate real general
1 237 237                                         
1 1 1
1 2 1
1 3 1
1 4 1
1 5 20
1 6 1
1 7 1
1 8 2
1 9 1
1 10 1
1 11 10
1 12 1
1 13 2
1 14 1
1 15 1
1 16 3
1 17 1
1 18 1
1 19 1
1 20 2
1 21 1
1 22 7
1 23 1
1 24 1
1 25 1
1 26 6
1 27 2
1 28 1
1 29 1
1 30 1
1 31 2
1 32 3
1 33 1
1 34 2
1 35 1
1 36 1
1 37 3
1 38 1
1 39 2
1 40 1
1 41 1
1 42 1
1 43 19
1 44 1
1 45 1
1 46 1
1 47 1
1 48 1
1 49 1
1 50 1
1 51 1
1 52 8
1 53 1
1 54 1
1 55 1
1 56 2
1 57 1
1 58 2
1 59 9
1 60 1
1 61 2
1 62 3
1 63 1
1 64 8
1 65 1
1 66 1
1 67 5
1 68 1
1 69 6
1 70 1
1 71 2
1 72 1
1 73 2
1 74 1
1 75 2
1 76 1
1 77 1
1 78 1
1 79 1
1 80 1
1 81 1
1 82 2
1 83 1
1 84 2
1 85 1
1 86 1
1 87 1
1 88 1
1 89 1
1 90 1
1 91 1
1 92 1
1 93 1
1 94 1
1 95 1
1 96 11
1 97 10
1 98 1
1 99 26
1 100 10
1 101 1
1 102 2
1 103 1
1 104 1
1 105 1
1 106 1
1 107 1
1 108 4
1 109 1
1 110 1
1 111 1
1 112 1
1 113 2
1 114 2
1 115 2
1 116 2
1 117 1
1 118 1
1 119 1
1 120 6
1 121 1
1 122 5
1 123 2
1 124 5
1 125 1
1 126 1
1 127 1
1 128 1
1 129 2
1 130 1
1 131 1
1 132 1
1 133 1
1 134 1
1 135 1
1 136 5
1 137 3
1 138 2
1 139 1
1 140 1
1 141 1
1 142 2
1 143 2
1 144 2
1 145 1
1 146 1
1 147 2
1 148 3
1 149 1
1 150 1
1 151 2
1 152 1
1 153 1
1 154 2
1 155 3
1 156 3
1 157 1
1 158 21
1 159 2
1 160 1
1 161 1
1 162 1
1 163 1
1 164 1
1 165 1
1 166 3
1 167 1
1 168 1
1 169 1
1 170 2
1 171 3
1 172 2
1 173 2
1 174 1
1 175 1
1 176 2
1 177 1
1 178 1
1 179 1
1 180 1
1 181 1
1 182 2
1 183 1
1 184 7
1 185 1
1 186 1
1 187 1
1 188 1
1 189 1
1 190 1
1 191 1
1 192 1
1 193 21
1 194 1
1 195 4
1 196 1
1 197 3
1 198 2
1 199 1
1 200 2
1 201 3
1 202 1
1 203 2
1 204 1
1 205 3
1 206 1
1 207 1
1 208 1
1 209 6
1 210 1
1 211 1
1 212 2
1 213 1
1 214 1
1 215 2
1 216 1
1 217 3
1 218 1
1 219 1
1 220 1
1 221 8
1 222 2
1 223 7
1 224 1
1 225 5
1 226 2
1 227 1
1 228 1
1 229 1
1 230 1
1 231 1
1 232 3
1 233 2
1 234 1
1 235 3
1 236 1
1 237 2
