%%MatrixMarket matrix coordinate real general
1 250 250                                         
1 1 1
1 2 7
1 3 1
1 4 1
1 5 9
1 6 1
1 7 3
1 8 1
1 9 2
1 10 1
1 11 1
1 12 1
1 13 1
1 14 1
1 15 2
1 16 1
1 17 7
1 18 1
1 19 1
1 20 1
1 21 1
1 22 6
1 23 16
1 24 2
1 25 1
1 26 1
1 27 1
1 28 1
1 29 1
1 30 4
1 31 1
1 32 3
1 33 1
1 34 2
1 35 1
1 36 2
1 37 2
1 38 1
1 39 1
1 40 1
1 41 1
1 42 1
1 43 2
1 44 2
1 45 1
1 46 4
1 47 4
1 48 1
1 49 1
1 50 1
1 51 2
1 52 5
1 53 6
1 54 2
1 55 1
1 56 1
1 57 1
1 58 1
1 59 3
1 60 1
1 61 1
1 62 2
1 63 7
1 64 1
1 65 1
1 66 1
1 67 1
1 68 1
1 69 2
1 70 1
1 71 2
1 72 1
1 73 3
1 74 4
1 75 1
1 76 1
1 77 1
1 78 2
1 79 1
1 80 25
1 81 1
1 82 1
1 83 1
1 84 1
1 85 1
1 86 1
1 87 2
1 88 2
1 89 1
1 90 1
1 91 1
1 92 2
1 93 2
1 94 3
1 95 1
1 96 1
1 97 1
1 98 5
1 99 1
1 100 1
1 101 1
1 102 2
1 103 1
1 104 1
1 105 1
1 106 1
1 107 3
1 108 1
1 109 1
1 110 7
1 111 1
1 112 1
1 113 2
1 114 1
1 115 2
1 116 2
1 117 1
1 118 1
1 119 1
1 120 1
1 121 2
1 122 2
1 123 1
1 124 1
1 125 1
1 126 1
1 127 1
1 128 1
1 129 1
1 130 4
1 131 2
1 132 1
1 133 1
1 134 1
1 135 5
1 136 1
1 137 1
1 138 1
1 139 1
1 140 1
1 141 2
1 142 1
1 143 1
1 144 1
1 145 1
1 146 1
1 147 1
1 148 1
1 149 1
1 150 1
1 151 2
1 152 1
1 153 2
1 154 1
1 155 1
1 156 3
1 157 1
1 158 1
1 159 1
1 160 3
1 161 12
1 162 1
1 163 1
1 164 3
1 165 1
1 166 1
1 167 1
1 168 1
1 169 1
1 170 1
1 171 1
1 172 1
1 173 3
1 174 1
1 175 2
1 176 5
1 177 1
1 178 3
1 179 1
1 180 1
1 181 3
1 182 1
1 183 1
1 184 4
1 185 1
1 186 1
1 187 4
1 188 1
1 189 4
1 190 2
1 191 3
1 192 2
1 193 1
1 194 1
1 195 1
1 196 1
1 197 2
1 198 1
1 199 1
1 200 3
1 201 1
1 202 1
1 203 1
1 204 3
1 205 1
1 206 1
1 207 1
1 208 3
1 209 1
1 210 1
1 211 2
1 212 1
1 213 1
1 214 1
1 215 1
1 216 2
1 217 1
1 218 1
1 219 7
1 220 7
1 221 1
1 222 1
1 223 1
1 224 1
1 225 1
1 226 1
1 227 1
1 228 4
1 229 1
1 230 1
1 231 2
1 232 1
1 233 2
1 234 1
1 235 2
1 236 1
1 237 9
1 238 3
1 239 1
1 240 2
1 241 1
1 242 1
1 243 3
1 244 1
1 245 1
1 246 1
1 247 2
1 248 3
1 249 1
1 250 1
