%%MatrixMarket matrix coordinate real general
1 111 111                                         
1 1 2
1 2 2
1 3 1
1 4 1
1 5 2
1 6 3
1 7 3
1 8 12
1 9 1
1 10 1
1 11 2
1 12 1
1 13 2
1 14 1
1 15 11
1 16 1
1 17 1
1 18 1
1 19 1
1 20 1
1 21 1
1 22 1
1 23 1
1 24 9
1 25 1
1 26 1
1 27 1
1 28 2
1 29 3
1 30 1
1 31 4
1 32 2
1 33 1
1 34 1
1 35 1
1 36 1
1 37 2
1 38 1
1 39 2
1 40 5
1 41 1
1 42 1
1 43 1
1 44 2
1 45 1
1 46 1
1 47 4
1 48 9
1 49 1
1 50 1
1 51 4
1 52 2
1 53 1
1 54 3
1 55 5
1 56 1
1 57 1
1 58 1
1 59 1
1 60 1
1 61 2
1 62 1
1 63 2
1 64 1
1 65 4
1 66 1
1 67 1
1 68 1
1 69 4
1 70 4
1 71 3
1 72 1
1 73 2
1 74 2
1 75 1
1 76 2
1 77 2
1 78 1
1 79 21
1 80 1
1 81 1
1 82 11
1 83 1
1 84 1
1 85 1
1 86 1
1 87 1
1 88 1
1 89 4
1 90 2
1 91 3
1 92 4
1 93 3
1 94 5
1 95 2
1 96 5
1 97 1
1 98 2
1 99 2
1 100 3
1 101 13
1 102 5
1 103 1
1 104 1
1 105 1
1 106 1
1 107 1
1 108 2
1 109 8
1 110 1
1 111 1
