%%MatrixMarket matrix coordinate real general
1 234 234                                         
1 1 2
1 2 6
1 3 1
1 4 6
1 5 13
1 6 1
1 7 1
1 8 1
1 9 1
1 10 3
1 11 1
1 12 1
1 13 1
1 14 5
1 15 2
1 16 1
1 17 1
1 18 1
1 19 2
1 20 2
1 21 1
1 22 3
1 23 7
1 24 1
1 25 13
1 26 1
1 27 1
1 28 3
1 29 4
1 30 3
1 31 7
1 32 3
1 33 1
1 34 9
1 35 1
1 36 1
1 37 1
1 38 1
1 39 1
1 40 1
1 41 2
1 42 1
1 43 1
1 44 1
1 45 1
1 46 1
1 47 1
1 48 6
1 49 7
1 50 1
1 51 2
1 52 1
1 53 1
1 54 12
1 55 1
1 56 1
1 57 1
1 58 2
1 59 1
1 60 1
1 61 2
1 62 1
1 63 1
1 64 1
1 65 3
1 66 1
1 67 1
1 68 1
1 69 1
1 70 1
1 71 1
1 72 1
1 73 2
1 74 4
1 75 2
1 76 1
1 77 7
1 78 1
1 79 1
1 80 19
1 81 1
1 82 1
1 83 1
1 84 1
1 85 1
1 86 1
1 87 4
1 88 1
1 89 1
1 90 1
1 91 1
1 92 3
1 93 1
1 94 1
1 95 1
1 96 1
1 97 1
1 98 1
1 99 1
1 100 5
1 101 1
1 102 2
1 103 1
1 104 1
1 105 1
1 106 2
1 107 1
1 108 2
1 109 1
1 110 1
1 111 2
1 112 23
1 113 1
1 114 1
1 115 1
1 116 1
1 117 2
1 118 1
1 119 1
1 120 1
1 121 2
1 122 1
1 123 5
1 124 4
1 125 1
1 126 1
1 127 1
1 128 2
1 129 3
1 130 1
1 131 3
1 132 1
1 133 4
1 134 3
1 135 1
1 136 1
1 137 1
1 138 1
1 139 1
1 140 1
1 141 1
1 142 1
1 143 3
1 144 1
1 145 1
1 146 1
1 147 3
1 148 1
1 149 1
1 150 1
1 151 1
1 152 1
1 153 1
1 154 1
1 155 1
1 156 1
1 157 11
1 158 1
1 159 3
1 160 1
1 161 1
1 162 2
1 163 1
1 164 1
1 165 2
1 166 1
1 167 1
1 168 1
1 169 1
1 170 2
1 171 2
1 172 1
1 173 1
1 174 1
1 175 1
1 176 1
1 177 1
1 178 10
1 179 1
1 180 1
1 181 2
1 182 1
1 183 12
1 184 7
1 185 1
1 186 1
1 187 1
1 188 1
1 189 8
1 190 3
1 191 1
1 192 2
1 193 1
1 194 1
1 195 1
1 196 1
1 197 1
1 198 1
1 199 2
1 200 1
1 201 7
1 202 1
1 203 1
1 204 10
1 205 4
1 206 1
1 207 3
1 208 1
1 209 1
1 210 2
1 211 13
1 212 1
1 213 2
1 214 1
1 215 1
1 216 1
1 217 1
1 218 1
1 219 1
1 220 2
1 221 1
1 222 1
1 223 1
1 224 1
1 225 1
1 226 2
1 227 10
1 228 1
1 229 3
1 230 1
1 231 1
1 232 3
1 233 1
1 234 1
