%%MatrixMarket matrix coordinate real general
1 198 198                                         
1 1 4
1 2 1
1 3 5
1 4 1
1 5 1
1 6 1
1 7 3
1 8 1
1 9 6
1 10 4
1 11 1
1 12 1
1 13 1
1 14 1
1 15 5
1 16 1
1 17 1
1 18 1
1 19 1
1 20 1
1 21 1
1 22 1
1 23 2
1 24 2
1 25 1
1 26 1
1 27 1
1 28 1
1 29 1
1 30 1
1 31 1
1 32 1
1 33 1
1 34 4
1 35 3
1 36 1
1 37 1
1 38 1
1 39 1
1 40 1
1 41 1
1 42 1
1 43 2
1 44 1
1 45 2
1 46 1
1 47 1
1 48 1
1 49 1
1 50 3
1 51 1
1 52 1
1 53 1
1 54 1
1 55 1
1 56 2
1 57 1
1 58 1
1 59 2
1 60 5
1 61 1
1 62 5
1 63 2
1 64 1
1 65 8
1 66 1
1 67 2
1 68 1
1 69 2
1 70 2
1 71 1
1 72 1
1 73 3
1 74 1
1 75 2
1 76 2
1 77 1
1 78 1
1 79 1
1 80 1
1 81 1
1 82 1
1 83 1
1 84 1
1 85 1
1 86 4
1 87 3
1 88 1
1 89 1
1 90 1
1 91 2
1 92 2
1 93 6
1 94 2
1 95 1
1 96 1
1 97 1
1 98 1
1 99 1
1 100 1
1 101 1
1 102 2
1 103 4
1 104 1
1 105 1
1 106 5
1 107 6
1 108 1
1 109 4
1 110 1
1 111 1
1 112 1
1 113 1
1 114 1
1 115 1
1 116 2
1 117 2
1 118 2
1 119 1
1 120 2
1 121 1
1 122 3
1 123 2
1 124 1
1 125 2
1 126 1
1 127 2
1 128 4
1 129 1
1 130 1
1 131 1
1 132 1
1 133 5
1 134 2
1 135 1
1 136 1
1 137 1
1 138 1
1 139 1
1 140 1
1 141 1
1 142 1
1 143 1
1 144 1
1 145 2
1 146 1
1 147 1
1 148 1
1 149 2
1 150 1
1 151 1
1 152 4
1 153 1
1 154 1
1 155 2
1 156 14
1 157 1
1 158 1
1 159 1
1 160 1
1 161 1
1 162 1
1 163 1
1 164 2
1 165 2
1 166 1
1 167 4
1 168 1
1 169 2
1 170 1
1 171 1
1 172 2
1 173 1
1 174 1
1 175 3
1 176 1
1 177 2
1 178 1
1 179 3
1 180 2
1 181 1
1 182 1
1 183 3
1 184 1
1 185 5
1 186 1
1 187 1
1 188 1
1 189 1
1 190 1
1 191 3
1 192 1
1 193 2
1 194 8
1 195 1
1 196 1
1 197 1
1 198 4
