%%MatrixMarket matrix coordinate real general
1 152 152                                         
1 1 1
1 2 1
1 3 1
1 4 9
1 5 1
1 6 1
1 7 8
1 8 1
1 9 2
1 10 2
1 11 2
1 12 4
1 13 1
1 14 1
1 15 2
1 16 12
1 17 1
1 18 1
1 19 2
1 20 1
1 21 2
1 22 1
1 23 2
1 24 5
1 25 1
1 26 1
1 27 1
1 28 1
1 29 3
1 30 1
1 31 1
1 32 1
1 33 2
1 34 3
1 35 1
1 36 1
1 37 2
1 38 1
1 39 27
1 40 6
1 41 1
1 42 1
1 43 2
1 44 1
1 45 1
1 46 1
1 47 2
1 48 1
1 49 2
1 50 1
1 51 1
1 52 1
1 53 1
1 54 1
1 55 2
1 56 1
1 57 2
1 58 1
1 59 2
1 60 1
1 61 2
1 62 1
1 63 1
1 64 1
1 65 1
1 66 1
1 67 1
1 68 1
1 69 2
1 70 2
1 71 5
1 72 1
1 73 2
1 74 1
1 75 6
1 76 2
1 77 1
1 78 5
1 79 1
1 80 1
1 81 1
1 82 1
1 83 2
1 84 6
1 85 1
1 86 1
1 87 1
1 88 2
1 89 2
1 90 2
1 91 1
1 92 1
1 93 4
1 94 1
1 95 1
1 96 1
1 97 2
1 98 2
1 99 2
1 100 1
1 101 3
1 102 4
1 103 2
1 104 1
1 105 1
1 106 2
1 107 8
1 108 1
1 109 1
1 110 1
1 111 1
1 112 6
1 113 9
1 114 2
1 115 1
1 116 6
1 117 1
1 118 1
1 119 1
1 120 1
1 121 2
1 122 1
1 123 1
1 124 1
1 125 1
1 126 5
1 127 1
1 128 2
1 129 1
1 130 1
1 131 5
1 132 1
1 133 1
1 134 1
1 135 1
1 136 1
1 137 2
1 138 3
1 139 2
1 140 1
1 141 1
1 142 2
1 143 1
1 144 1
1 145 1
1 146 2
1 147 4
1 148 1
1 149 1
1 150 3
1 151 1
1 152 1
