%%MatrixMarket matrix coordinate real general
1 61 61                                           
1 1 1
1 2 2
1 3 3
1 4 1
1 5 6
1 6 1
1 7 2
1 8 1
1 9 1
1 10 2
1 11 1
1 12 1
1 13 1
1 14 1
1 15 2
1 16 1
1 17 1
1 18 1
1 19 1
1 20 1
1 21 1
1 22 3
1 23 1
1 24 1
1 25 2
1 26 1
1 27 1
1 28 1
1 29 2
1 30 1
1 31 1
1 32 1
1 33 1
1 34 1
1 35 1
1 36 1
1 37 1
1 38 1
1 39 1
1 40 1
1 41 1
1 42 5
1 43 1
1 44 2
1 45 1
1 46 1
1 47 1
1 48 1
1 49 1
1 50 1
1 51 2
1 52 4
1 53 1
1 54 2
1 55 5
1 56 1
1 57 1
1 58 1
1 59 2
1 60 1
1 61 1
