%%MatrixMarket matrix coordinate real general
1 243 243                                         
1 1 1
1 2 7
1 3 2
1 4 2
1 5 1
1 6 1
1 7 24
1 8 1
1 9 2
1 10 4
1 11 1
1 12 2
1 13 1
1 14 3
1 15 1
1 16 1
1 17 2
1 18 1
1 19 1
1 20 3
1 21 2
1 22 2
1 23 1
1 24 2
1 25 1
1 26 1
1 27 1
1 28 4
1 29 3
1 30 1
1 31 2
1 32 3
1 33 1
1 34 9
1 35 1
1 36 1
1 37 1
1 38 5
1 39 5
1 40 1
1 41 3
1 42 1
1 43 2
1 44 48
1 45 1
1 46 2
1 47 3
1 48 1
1 49 1
1 50 1
1 51 1
1 52 2
1 53 1
1 54 1
1 55 1
1 56 12
1 57 1
1 58 3
1 59 3
1 60 1
1 61 1
1 62 3
1 63 2
1 64 2
1 65 1
1 66 1
1 67 3
1 68 1
1 69 3
1 70 1
1 71 1
1 72 1
1 73 22
1 74 5
1 75 1
1 76 1
1 77 2
1 78 2
1 79 1
1 80 1
1 81 1
1 82 4
1 83 1
1 84 1
1 85 5
1 86 2
1 87 1
1 88 9
1 89 1
1 90 1
1 91 1
1 92 2
1 93 2
1 94 5
1 95 1
1 96 1
1 97 1
1 98 10
1 99 1
1 100 1
1 101 3
1 102 2
1 103 1
1 104 6
1 105 1
1 106 1
1 107 2
1 108 1
1 109 1
1 110 2
1 111 1
1 112 3
1 113 1
1 114 3
1 115 2
1 116 1
1 117 1
1 118 1
1 119 2
1 120 11
1 121 1
1 122 1
1 123 3
1 124 3
1 125 7
1 126 1
1 127 1
1 128 2
1 129 1
1 130 1
1 131 1
1 132 2
1 133 2
1 134 1
1 135 1
1 136 1
1 137 1
1 138 3
1 139 1
1 140 1
1 141 4
1 142 3
1 143 3
1 144 1
1 145 1
1 146 1
1 147 1
1 148 3
1 149 1
1 150 1
1 151 5
1 152 1
1 153 1
1 154 2
1 155 5
1 156 1
1 157 1
1 158 7
1 159 2
1 160 1
1 161 2
1 162 1
1 163 1
1 164 1
1 165 3
1 166 5
1 167 1
1 168 1
1 169 7
1 170 1
1 171 2
1 172 1
1 173 1
1 174 1
1 175 2
1 176 1
1 177 1
1 178 1
1 179 1
1 180 1
1 181 1
1 182 1
1 183 1
1 184 2
1 185 2
1 186 12
1 187 1
1 188 2
1 189 1
1 190 4
1 191 2
1 192 2
1 193 1
1 194 1
1 195 9
1 196 1
1 197 1
1 198 1
1 199 1
1 200 1
1 201 2
1 202 4
1 203 1
1 204 3
1 205 1
1 206 13
1 207 1
1 208 12
1 209 1
1 210 52
1 211 1
1 212 3
1 213 1
1 214 2
1 215 2
1 216 2
1 217 1
1 218 3
1 219 1
1 220 1
1 221 1
1 222 2
1 223 3
1 224 1
1 225 1
1 226 3
1 227 1
1 228 1
1 229 1
1 230 1
1 231 1
1 232 1
1 233 1
1 234 4
1 235 28
1 236 1
1 237 3
1 238 2
1 239 1
1 240 1
1 241 1
1 242 1
1 243 2
