%%MatrixMarket matrix coordinate real general
1 77 77                                           
1 1 6
1 2 3
1 3 3
1 4 1
1 5 1
1 6 1
1 7 1
1 8 3
1 9 4
1 10 1
1 11 1
1 12 1
1 13 1
1 14 2
1 15 2
1 16 1
1 17 1
1 18 2
1 19 1
1 20 1
1 21 1
1 22 1
1 23 1
1 24 2
1 25 1
1 26 1
1 27 1
1 28 1
1 29 1
1 30 1
1 31 1
1 32 2
1 33 1
1 34 1
1 35 1
1 36 1
1 37 1
1 38 1
1 39 3
1 40 1
1 41 2
1 42 3
1 43 6
1 44 1
1 45 1
1 46 1
1 47 1
1 48 2
1 49 2
1 50 1
1 51 1
1 52 1
1 53 1
1 54 2
1 55 1
1 56 1
1 57 1
1 58 1
1 59 1
1 60 2
1 61 1
1 62 1
1 63 8
1 64 1
1 65 2
1 66 1
1 67 8
1 68 1
1 69 2
1 70 1
1 71 2
1 72 1
1 73 1
1 74 1
1 75 1
1 76 2
1 77 1
