%%MatrixMarket matrix coordinate real general
1 224 224                                         
1 1 3
1 2 1
1 3 2
1 4 1
1 5 1
1 6 1
1 7 1
1 8 16
1 9 1
1 10 1
1 11 1
1 12 6
1 13 1
1 14 1
1 15 1
1 16 1
1 17 1
1 18 1
1 19 6
1 20 1
1 21 1
1 22 1
1 23 19
1 24 1
1 25 2
1 26 4
1 27 3
1 28 2
1 29 2
1 30 1
1 31 1
1 32 5
1 33 1
1 34 1
1 35 1
1 36 3
1 37 1
1 38 1
1 39 1
1 40 1
1 41 1
1 42 1
1 43 2
1 44 1
1 45 1
1 46 3
1 47 3
1 48 1
1 49 1
1 50 3
1 51 2
1 52 1
1 53 1
1 54 2
1 55 1
1 56 1
1 57 3
1 58 1
1 59 1
1 60 2
1 61 2
1 62 3
1 63 1
1 64 2
1 65 1
1 66 1
1 67 1
1 68 1
1 69 2
1 70 2
1 71 1
1 72 1
1 73 1
1 74 1
1 75 1
1 76 2
1 77 1
1 78 1
1 79 1
1 80 1
1 81 1
1 82 1
1 83 1
1 84 2
1 85 1
1 86 1
1 87 1
1 88 2
1 89 1
1 90 1
1 91 1
1 92 1
1 93 1
1 94 1
1 95 3
1 96 1
1 97 1
1 98 2
1 99 2
1 100 1
1 101 1
1 102 1
1 103 1
1 104 1
1 105 1
1 106 1
1 107 1
1 108 1
1 109 6
1 110 2
1 111 1
1 112 1
1 113 1
1 114 1
1 115 2
1 116 1
1 117 1
1 118 2
1 119 1
1 120 1
1 121 2
1 122 1
1 123 1
1 124 1
1 125 1
1 126 3
1 127 5
1 128 1
1 129 1
1 130 2
1 131 1
1 132 1
1 133 2
1 134 1
1 135 1
1 136 4
1 137 1
1 138 1
1 139 3
1 140 1
1 141 1
1 142 2
1 143 1
1 144 1
1 145 1
1 146 1
1 147 2
1 148 4
1 149 1
1 150 1
1 151 2
1 152 1
1 153 1
1 154 2
1 155 1
1 156 1
1 157 2
1 158 2
1 159 2
1 160 1
1 161 2
1 162 1
1 163 1
1 164 1
1 165 2
1 166 1
1 167 1
1 168 1
1 169 1
1 170 1
1 171 1
1 172 1
1 173 1
1 174 1
1 175 1
1 176 1
1 177 1
1 178 1
1 179 1
1 180 1
1 181 1
1 182 1
1 183 3
1 184 3
1 185 1
1 186 2
1 187 1
1 188 1
1 189 1
1 190 1
1 191 1
1 192 1
1 193 1
1 194 1
1 195 1
1 196 1
1 197 1
1 198 1
1 199 1
1 200 1
1 201 1
1 202 2
1 203 2
1 204 2
1 205 5
1 206 1
1 207 1
1 208 1
1 209 1
1 210 1
1 211 5
1 212 2
1 213 5
1 214 4
1 215 2
1 216 1
1 217 1
1 218 3
1 219 3
1 220 14
1 221 1
1 222 5
1 223 4
1 224 1
