%%MatrixMarket matrix coordinate real general
1 117 117                                         
1 1 1
1 2 1
1 3 1
1 4 1
1 5 1
1 6 3
1 7 3
1 8 2
1 9 2
1 10 3
1 11 1
1 12 2
1 13 2
1 14 1
1 15 2
1 16 1
1 17 2
1 18 5
1 19 1
1 20 2
1 21 1
1 22 3
1 23 2
1 24 1
1 25 3
1 26 2
1 27 4
1 28 4
1 29 1
1 30 2
1 31 1
1 32 1
1 33 1
1 34 1
1 35 1
1 36 2
1 37 1
1 38 1
1 39 1
1 40 1
1 41 2
1 42 1
1 43 1
1 44 2
1 45 1
1 46 1
1 47 1
1 48 2
1 49 1
1 50 1
1 51 1
1 52 1
1 53 1
1 54 1
1 55 2
1 56 2
1 57 1
1 58 1
1 59 1
1 60 1
1 61 1
1 62 1
1 63 1
1 64 2
1 65 1
1 66 1
1 67 1
1 68 2
1 69 3
1 70 1
1 71 4
1 72 1
1 73 1
1 74 1
1 75 2
1 76 1
1 77 1
1 78 3
1 79 6
1 80 1
1 81 6
1 82 1
1 83 4
1 84 1
1 85 1
1 86 2
1 87 2
1 88 3
1 89 1
1 90 1
1 91 2
1 92 4
1 93 1
1 94 2
1 95 5
1 96 2
1 97 1
1 98 5
1 99 1
1 100 1
1 101 1
1 102 2
1 103 2
1 104 1
1 105 1
1 106 2
1 107 1
1 108 6
1 109 1
1 110 1
1 111 1
1 112 3
1 113 1
1 114 1
1 115 1
1 116 1
1 117 2
