%%MatrixMarket matrix coordinate real general
1 164 164                                         
1 1 1
1 2 2
1 3 1
1 4 1
1 5 1
1 6 2
1 7 5
1 8 3
1 9 12
1 10 1
1 11 1
1 12 8
1 13 2
1 14 1
1 15 1
1 16 1
1 17 5
1 18 2
1 19 1
1 20 1
1 21 1
1 22 3
1 23 2
1 24 2
1 25 1
1 26 1
1 27 1
1 28 3
1 29 2
1 30 1
1 31 1
1 32 1
1 33 1
1 34 1
1 35 1
1 36 3
1 37 1
1 38 1
1 39 1
1 40 2
1 41 1
1 42 1
1 43 1
1 44 2
1 45 1
1 46 1
1 47 1
1 48 2
1 49 1
1 50 1
1 51 3
1 52 3
1 53 3
1 54 1
1 55 1
1 56 1
1 57 7
1 58 1
1 59 1
1 60 1
1 61 3
1 62 1
1 63 1
1 64 2
1 65 1
1 66 1
1 67 4
1 68 2
1 69 2
1 70 3
1 71 3
1 72 1
1 73 1
1 74 1
1 75 1
1 76 1
1 77 1
1 78 1
1 79 1
1 80 1
1 81 1
1 82 1
1 83 5
1 84 1
1 85 1
1 86 1
1 87 1
1 88 1
1 89 3
1 90 2
1 91 1
1 92 7
1 93 1
1 94 1
1 95 2
1 96 1
1 97 1
1 98 1
1 99 1
1 100 2
1 101 1
1 102 1
1 103 1
1 104 2
1 105 5
1 106 1
1 107 1
1 108 1
1 109 1
1 110 2
1 111 1
1 112 2
1 113 2
1 114 2
1 115 1
1 116 1
1 117 1
1 118 1
1 119 7
1 120 1
1 121 1
1 122 1
1 123 1
1 124 1
1 125 1
1 126 1
1 127 1
1 128 12
1 129 2
1 130 1
1 131 1
1 132 2
1 133 1
1 134 1
1 135 1
1 136 1
1 137 1
1 138 1
1 139 1
1 140 1
1 141 5
1 142 1
1 143 2
1 144 1
1 145 3
1 146 1
1 147 3
1 148 2
1 149 1
1 150 1
1 151 5
1 152 5
1 153 1
1 154 1
1 155 1
1 156 1
1 157 1
1 158 2
1 159 3
1 160 13
1 161 7
1 162 1
1 163 13
1 164 1
