%%MatrixMarket matrix coordinate real general
1 186 186                                         
1 1 1
1 2 4
1 3 1
1 4 5
1 5 2
1 6 3
1 7 14
1 8 1
1 9 1
1 10 1
1 11 1
1 12 1
1 13 2
1 14 1
1 15 4
1 16 3
1 17 5
1 18 1
1 19 10
1 20 1
1 21 1
1 22 1
1 23 1
1 24 1
1 25 1
1 26 1
1 27 1
1 28 1
1 29 1
1 30 1
1 31 1
1 32 1
1 33 1
1 34 1
1 35 1
1 36 1
1 37 3
1 38 1
1 39 1
1 40 1
1 41 17
1 42 1
1 43 1
1 44 2
1 45 1
1 46 1
1 47 1
1 48 2
1 49 1
1 50 16
1 51 1
1 52 1
1 53 1
1 54 1
1 55 1
1 56 1
1 57 1
1 58 1
1 59 1
1 60 1
1 61 1
1 62 1
1 63 2
1 64 1
1 65 1
1 66 1
1 67 1
1 68 1
1 69 2
1 70 1
1 71 25
1 72 2
1 73 2
1 74 1
1 75 1
1 76 1
1 77 2
1 78 1
1 79 1
1 80 1
1 81 1
1 82 2
1 83 5
1 84 3
1 85 1
1 86 4
1 87 5
1 88 3
1 89 1
1 90 1
1 91 1
1 92 1
1 93 2
1 94 1
1 95 3
1 96 1
1 97 1
1 98 1
1 99 1
1 100 1
1 101 3
1 102 1
1 103 1
1 104 1
1 105 1
1 106 1
1 107 4
1 108 1
1 109 2
1 110 1
1 111 6
1 112 1
1 113 1
1 114 1
1 115 1
1 116 1
1 117 1
1 118 10
1 119 1
1 120 1
1 121 5
1 122 2
1 123 1
1 124 1
1 125 2
1 126 1
1 127 1
1 128 1
1 129 1
1 130 1
1 131 1
1 132 1
1 133 1
1 134 1
1 135 3
1 136 1
1 137 2
1 138 2
1 139 1
1 140 1
1 141 1
1 142 1
1 143 2
1 144 1
1 145 1
1 146 2
1 147 1
1 148 1
1 149 1
1 150 1
1 151 1
1 152 1
1 153 1
1 154 1
1 155 1
1 156 1
1 157 1
1 158 1
1 159 1
1 160 3
1 161 1
1 162 16
1 163 1
1 164 1
1 165 1
1 166 7
1 167 1
1 168 1
1 169 1
1 170 1
1 171 1
1 172 1
1 173 1
1 174 1
1 175 3
1 176 6
1 177 1
1 178 1
1 179 15
1 180 1
1 181 1
1 182 1
1 183 1
1 184 15
1 185 1
1 186 3
