%%MatrixMarket matrix coordinate real general
1 199 199                                         
1 1 2
1 2 1
1 3 1
1 4 3
1 5 1
1 6 1
1 7 2
1 8 8
1 9 1
1 10 1
1 11 9
1 12 8
1 13 3
1 14 3
1 15 1
1 16 1
1 17 1
1 18 1
1 19 10
1 20 1
1 21 2
1 22 1
1 23 2
1 24 4
1 25 1
1 26 1
1 27 3
1 28 1
1 29 1
1 30 2
1 31 10
1 32 1
1 33 1
1 34 1
1 35 2
1 36 1
1 37 2
1 38 4
1 39 4
1 40 1
1 41 1
1 42 3
1 43 1
1 44 1
1 45 1
1 46 1
1 47 1
1 48 1
1 49 1
1 50 3
1 51 1
1 52 2
1 53 1
1 54 1
1 55 1
1 56 2
1 57 3
1 58 1
1 59 5
1 60 2
1 61 1
1 62 1
1 63 1
1 64 1
1 65 1
1 66 4
1 67 2
1 68 1
1 69 2
1 70 2
1 71 1
1 72 1
1 73 1
1 74 6
1 75 1
1 76 1
1 77 1
1 78 1
1 79 1
1 80 1
1 81 5
1 82 3
1 83 8
1 84 4
1 85 1
1 86 2
1 87 1
1 88 8
1 89 2
1 90 1
1 91 1
1 92 8
1 93 1
1 94 3
1 95 1
1 96 2
1 97 9
1 98 1
1 99 3
1 100 1
1 101 3
1 102 1
1 103 1
1 104 1
1 105 1
1 106 1
1 107 1
1 108 1
1 109 2
1 110 1
1 111 1
1 112 1
1 113 2
1 114 1
1 115 5
1 116 1
1 117 1
1 118 2
1 119 7
1 120 4
1 121 5
1 122 1
1 123 1
1 124 2
1 125 1
1 126 1
1 127 1
1 128 1
1 129 1
1 130 1
1 131 3
1 132 1
1 133 1
1 134 2
1 135 1
1 136 1
1 137 5
1 138 1
1 139 1
1 140 3
1 141 1
1 142 3
1 143 1
1 144 2
1 145 1
1 146 1
1 147 1
1 148 1
1 149 2
1 150 2
1 151 3
1 152 1
1 153 3
1 154 5
1 155 1
1 156 1
1 157 1
1 158 2
1 159 1
1 160 2
1 161 2
1 162 2
1 163 1
1 164 1
1 165 1
1 166 1
1 167 1
1 168 1
1 169 3
1 170 1
1 171 1
1 172 1
1 173 3
1 174 5
1 175 2
1 176 5
1 177 1
1 178 2
1 179 3
1 180 2
1 181 1
1 182 1
1 183 3
1 184 1
1 185 1
1 186 7
1 187 6
1 188 1
1 189 1
1 190 3
1 191 3
1 192 6
1 193 1
1 194 5
1 195 1
1 196 3
1 197 10
1 198 2
1 199 1
