%%MatrixMarket matrix coordinate real general
1 166 166                                         
1 1 2
1 2 9
1 3 2
1 4 1
1 5 4
1 6 2
1 7 1
1 8 2
1 9 1
1 10 5
1 11 5
1 12 1
1 13 1
1 14 3
1 15 1
1 16 1
1 17 7
1 18 1
1 19 4
1 20 1
1 21 1
1 22 2
1 23 4
1 24 1
1 25 13
1 26 5
1 27 10
1 28 1
1 29 1
1 30 2
1 31 1
1 32 1
1 33 1
1 34 1
1 35 1
1 36 2
1 37 2
1 38 4
1 39 1
1 40 1
1 41 6
1 42 3
1 43 1
1 44 1
1 45 1
1 46 2
1 47 1
1 48 1
1 49 4
1 50 1
1 51 2
1 52 2
1 53 1
1 54 1
1 55 3
1 56 6
1 57 4
1 58 1
1 59 2
1 60 1
1 61 6
1 62 3
1 63 1
1 64 1
1 65 2
1 66 5
1 67 1
1 68 1
1 69 1
1 70 1
1 71 2
1 72 5
1 73 1
1 74 1
1 75 1
1 76 1
1 77 1
1 78 1
1 79 1
1 80 4
1 81 1
1 82 1
1 83 1
1 84 1
1 85 8
1 86 1
1 87 1
1 88 1
1 89 2
1 90 7
1 91 3
1 92 2
1 93 2
1 94 1
1 95 1
1 96 2
1 97 2
1 98 1
1 99 6
1 100 1
1 101 2
1 102 2
1 103 1
1 104 1
1 105 1
1 106 1
1 107 1
1 108 5
1 109 1
1 110 3
1 111 2
1 112 1
1 113 1
1 114 1
1 115 1
1 116 1
1 117 5
1 118 1
1 119 1
1 120 1
1 121 1
1 122 1
1 123 2
1 124 1
1 125 2
1 126 1
1 127 7
1 128 1
1 129 4
1 130 1
1 131 2
1 132 1
1 133 1
1 134 1
1 135 1
1 136 1
1 137 6
1 138 2
1 139 2
1 140 2
1 141 1
1 142 1
1 143 1
1 144 1
1 145 15
1 146 1
1 147 1
1 148 1
1 149 1
1 150 1
1 151 1
1 152 1
1 153 1
1 154 1
1 155 1
1 156 2
1 157 1
1 158 5
1 159 1
1 160 1
1 161 1
1 162 1
1 163 1
1 164 1
1 165 3
1 166 2
