%%MatrixMarket matrix coordinate real general
1 159 159                                         
1 1 1
1 2 6
1 3 1
1 4 3
1 5 4
1 6 1
1 7 3
1 8 1
1 9 1
1 10 1
1 11 1
1 12 1
1 13 5
1 14 1
1 15 1
1 16 6
1 17 8
1 18 1
1 19 2
1 20 1
1 21 1
1 22 2
1 23 3
1 24 1
1 25 1
1 26 1
1 27 1
1 28 1
1 29 4
1 30 1
1 31 1
1 32 2
1 33 1
1 34 1
1 35 1
1 36 1
1 37 6
1 38 1
1 39 1
1 40 1
1 41 2
1 42 1
1 43 1
1 44 1
1 45 1
1 46 1
1 47 1
1 48 9
1 49 1
1 50 1
1 51 1
1 52 1
1 53 2
1 54 1
1 55 1
1 56 1
1 57 1
1 58 2
1 59 14
1 60 1
1 61 1
1 62 1
1 63 4
1 64 1
1 65 4
1 66 2
1 67 1
1 68 1
1 69 1
1 70 2
1 71 5
1 72 1
1 73 1
1 74 2
1 75 1
1 76 1
1 77 1
1 78 1
1 79 3
1 80 1
1 81 1
1 82 3
1 83 1
1 84 1
1 85 1
1 86 1
1 87 1
1 88 1
1 89 1
1 90 1
1 91 3
1 92 34
1 93 1
1 94 2
1 95 1
1 96 1
1 97 1
1 98 2
1 99 1
1 100 1
1 101 1
1 102 1
1 103 1
1 104 1
1 105 1
1 106 2
1 107 1
1 108 1
1 109 1
1 110 1
1 111 1
1 112 1
1 113 1
1 114 2
1 115 1
1 116 1
1 117 1
1 118 1
1 119 1
1 120 1
1 121 2
1 122 2
1 123 2
1 124 1
1 125 1
1 126 1
1 127 1
1 128 1
1 129 1
1 130 1
1 131 2
1 132 1
1 133 1
1 134 1
1 135 2
1 136 2
1 137 2
1 138 1
1 139 1
1 140 1
1 141 1
1 142 5
1 143 2
1 144 2
1 145 2
1 146 1
1 147 1
1 148 2
1 149 4
1 150 3
1 151 1
1 152 1
1 153 1
1 154 2
1 155 1
1 156 1
1 157 4
1 158 2
1 159 2
