%%MatrixMarket matrix coordinate real general
1 178 178                                         
1 1 1
1 2 1
1 3 1
1 4 1
1 5 1
1 6 3
1 7 2
1 8 1
1 9 1
1 10 4
1 11 1
1 12 3
1 13 1
1 14 1
1 15 1
1 16 4
1 17 1
1 18 1
1 19 1
1 20 1
1 21 1
1 22 2
1 23 1
1 24 1
1 25 1
1 26 4
1 27 3
1 28 1
1 29 1
1 30 3
1 31 1
1 32 1
1 33 1
1 34 1
1 35 1
1 36 1
1 37 1
1 38 4
1 39 9
1 40 2
1 41 1
1 42 1
1 43 1
1 44 1
1 45 7
1 46 1
1 47 1
1 48 1
1 49 3
1 50 1
1 51 7
1 52 2
1 53 1
1 54 1
1 55 8
1 56 1
1 57 1
1 58 2
1 59 2
1 60 2
1 61 1
1 62 1
1 63 1
1 64 2
1 65 3
1 66 1
1 67 2
1 68 1
1 69 4
1 70 3
1 71 1
1 72 1
1 73 1
1 74 1
1 75 15
1 76 1
1 77 1
1 78 1
1 79 4
1 80 1
1 81 4
1 82 1
1 83 1
1 84 1
1 85 1
1 86 1
1 87 1
1 88 5
1 89 1
1 90 1
1 91 1
1 92 2
1 93 2
1 94 3
1 95 1
1 96 2
1 97 1
1 98 1
1 99 1
1 100 1
1 101 1
1 102 1
1 103 1
1 104 1
1 105 1
1 106 3
1 107 1
1 108 1
1 109 2
1 110 1
1 111 1
1 112 1
1 113 1
1 114 2
1 115 1
1 116 1
1 117 3
1 118 2
1 119 1
1 120 1
1 121 1
1 122 1
1 123 1
1 124 2
1 125 1
1 126 1
1 127 1
1 128 1
1 129 1
1 130 1
1 131 1
1 132 2
1 133 2
1 134 2
1 135 1
1 136 2
1 137 2
1 138 2
1 139 1
1 140 1
1 141 2
1 142 2
1 143 1
1 144 20
1 145 1
1 146 1
1 147 9
1 148 1
1 149 1
1 150 3
1 151 1
1 152 1
1 153 2
1 154 1
1 155 2
1 156 1
1 157 2
1 158 1
1 159 1
1 160 1
1 161 1
1 162 1
1 163 1
1 164 4
1 165 2
1 166 1
1 167 2
1 168 2
1 169 2
1 170 1
1 171 1
1 172 2
1 173 1
1 174 1
1 175 1
1 176 11
1 177 1
1 178 1
