%%MatrixMarket matrix coordinate real general
1 163 163                                         
1 1 1
1 2 1
1 3 1
1 4 2
1 5 5
1 6 1
1 7 1
1 8 1
1 9 4
1 10 2
1 11 5
1 12 8
1 13 2
1 14 2
1 15 1
1 16 1
1 17 1
1 18 4
1 19 1
1 20 9
1 21 1
1 22 1
1 23 5
1 24 1
1 25 4
1 26 1
1 27 1
1 28 1
1 29 1
1 30 3
1 31 2
1 32 1
1 33 3
1 34 1
1 35 2
1 36 2
1 37 6
1 38 1
1 39 2
1 40 1
1 41 1
1 42 6
1 43 1
1 44 6
1 45 1
1 46 1
1 47 1
1 48 1
1 49 1
1 50 1
1 51 1
1 52 1
1 53 1
1 54 1
1 55 1
1 56 3
1 57 3
1 58 2
1 59 2
1 60 3
1 61 1
1 62 12
1 63 1
1 64 1
1 65 1
1 66 1
1 67 1
1 68 3
1 69 1
1 70 1
1 71 3
1 72 1
1 73 1
1 74 1
1 75 1
1 76 1
1 77 2
1 78 1
1 79 1
1 80 1
1 81 1
1 82 2
1 83 1
1 84 1
1 85 1
1 86 2
1 87 1
1 88 2
1 89 1
1 90 14
1 91 1
1 92 1
1 93 1
1 94 1
1 95 6
1 96 1
1 97 1
1 98 1
1 99 2
1 100 1
1 101 1
1 102 1
1 103 1
1 104 2
1 105 1
1 106 10
1 107 1
1 108 1
1 109 1
1 110 2
1 111 1
1 112 1
1 113 1
1 114 1
1 115 1
1 116 1
1 117 2
1 118 1
1 119 1
1 120 1
1 121 1
1 122 1
1 123 1
1 124 1
1 125 1
1 126 4
1 127 1
1 128 5
1 129 1
1 130 1
1 131 2
1 132 3
1 133 1
1 134 1
1 135 1
1 136 1
1 137 1
1 138 1
1 139 1
1 140 2
1 141 1
1 142 1
1 143 1
1 144 4
1 145 1
1 146 1
1 147 1
1 148 1
1 149 1
1 150 1
1 151 1
1 152 11
1 153 3
1 154 1
1 155 7
1 156 1
1 157 2
1 158 1
1 159 2
1 160 2
1 161 1
1 162 4
1 163 2
