%%MatrixMarket matrix coordinate real general
1 121 121                                         
1 1 1
1 2 1
1 3 1
1 4 1
1 5 1
1 6 1
1 7 1
1 8 1
1 9 1
1 10 2
1 11 1
1 12 6
1 13 4
1 14 1
1 15 1
1 16 2
1 17 1
1 18 1
1 19 1
1 20 1
1 21 3
1 22 4
1 23 2
1 24 1
1 25 2
1 26 1
1 27 2
1 28 1
1 29 1
1 30 1
1 31 1
1 32 1
1 33 2
1 34 2
1 35 1
1 36 2
1 37 1
1 38 1
1 39 2
1 40 1
1 41 1
1 42 2
1 43 1
1 44 1
1 45 1
1 46 3
1 47 1
1 48 1
1 49 1
1 50 1
1 51 1
1 52 1
1 53 1
1 54 1
1 55 1
1 56 1
1 57 2
1 58 1
1 59 5
1 60 1
1 61 1
1 62 1
1 63 1
1 64 1
1 65 1
1 66 1
1 67 1
1 68 2
1 69 1
1 70 8
1 71 1
1 72 3
1 73 1
1 74 1
1 75 4
1 76 1
1 77 1
1 78 1
1 79 1
1 80 1
1 81 5
1 82 2
1 83 1
1 84 2
1 85 2
1 86 1
1 87 2
1 88 2
1 89 2
1 90 1
1 91 3
1 92 3
1 93 13
1 94 1
1 95 8
1 96 1
1 97 1
1 98 2
1 99 1
1 100 5
1 101 3
1 102 1
1 103 1
1 104 1
1 105 1
1 106 1
1 107 2
1 108 12
1 109 1
1 110 1
1 111 2
1 112 1
1 113 6
1 114 2
1 115 4
1 116 1
1 117 1
1 118 6
1 119 1
1 120 1
1 121 8
