%%MatrixMarket matrix coordinate real general
1 109 109                                         
1 1 1
1 2 3
1 3 1
1 4 1
1 5 1
1 6 8
1 7 1
1 8 1
1 9 2
1 10 1
1 11 1
1 12 5
1 13 1
1 14 1
1 15 1
1 16 3
1 17 1
1 18 1
1 19 1
1 20 2
1 21 1
1 22 1
1 23 4
1 24 1
1 25 2
1 26 1
1 27 2
1 28 1
1 29 1
1 30 1
1 31 1
1 32 2
1 33 2
1 34 11
1 35 1
1 36 1
1 37 3
1 38 1
1 39 1
1 40 1
1 41 1
1 42 1
1 43 1
1 44 2
1 45 2
1 46 1
1 47 1
1 48 1
1 49 1
1 50 2
1 51 3
1 52 1
1 53 1
1 54 1
1 55 1
1 56 2
1 57 3
1 58 2
1 59 4
1 60 2
1 61 1
1 62 1
1 63 1
1 64 1
1 65 1
1 66 1
1 67 1
1 68 2
1 69 1
1 70 1
1 71 1
1 72 1
1 73 1
1 74 3
1 75 1
1 76 1
1 77 1
1 78 2
1 79 1
1 80 3
1 81 2
1 82 1
1 83 1
1 84 2
1 85 1
1 86 1
1 87 1
1 88 9
1 89 2
1 90 1
1 91 1
1 92 3
1 93 1
1 94 1
1 95 1
1 96 2
1 97 1
1 98 1
1 99 4
1 100 5
1 101 1
1 102 1
1 103 1
1 104 2
1 105 16
1 106 3
1 107 1
1 108 6
1 109 2
