%%MatrixMarket matrix coordinate real general
1 61 61                                           
1 1 3
1 2 1
1 3 1
1 4 2
1 5 5
1 6 1
1 7 1
1 8 1
1 9 1
1 10 1
1 11 1
1 12 1
1 13 1
1 14 1
1 15 1
1 16 1
1 17 3
1 18 2
1 19 1
1 20 1
1 21 2
1 22 1
1 23 1
1 24 1
1 25 1
1 26 1
1 27 1
1 28 2
1 29 1
1 30 1
1 31 1
1 32 1
1 33 1
1 34 1
1 35 1
1 36 3
1 37 1
1 38 7
1 39 1
1 40 1
1 41 1
1 42 2
1 43 2
1 44 2
1 45 1
1 46 1
1 47 1
1 48 1
1 49 1
1 50 1
1 51 1
1 52 1
1 53 1
1 54 1
1 55 6
1 56 1
1 57 1
1 58 11
1 59 1
1 60 1
1 61 4
