%%MatrixMarket matrix coordinate real general
1 220 220                                         
1 1 1
1 2 3
1 3 1
1 4 1
1 5 1
1 6 1
1 7 1
1 8 1
1 9 2
1 10 1
1 11 4
1 12 2
1 13 1
1 14 1
1 15 1
1 16 5
1 17 1
1 18 1
1 19 2
1 20 10
1 21 1
1 22 1
1 23 1
1 24 1
1 25 1
1 26 1
1 27 1
1 28 2
1 29 3
1 30 1
1 31 3
1 32 4
1 33 1
1 34 4
1 35 1
1 36 1
1 37 1
1 38 3
1 39 1
1 40 2
1 41 1
1 42 1
1 43 3
1 44 1
1 45 1
1 46 1
1 47 2
1 48 2
1 49 1
1 50 2
1 51 1
1 52 1
1 53 1
1 54 1
1 55 3
1 56 1
1 57 1
1 58 1
1 59 1
1 60 1
1 61 1
1 62 4
1 63 1
1 64 1
1 65 1
1 66 2
1 67 1
1 68 1
1 69 1
1 70 1
1 71 1
1 72 1
1 73 2
1 74 1
1 75 1
1 76 6
1 77 1
1 78 5
1 79 1
1 80 1
1 81 3
1 82 2
1 83 3
1 84 1
1 85 1
1 86 2
1 87 1
1 88 1
1 89 2
1 90 1
1 91 1
1 92 1
1 93 1
1 94 1
1 95 1
1 96 1
1 97 1
1 98 1
1 99 1
1 100 3
1 101 1
1 102 1
1 103 1
1 104 5
1 105 2
1 106 1
1 107 1
1 108 1
1 109 3
1 110 1
1 111 1
1 112 3
1 113 1
1 114 4
1 115 1
1 116 5
1 117 1
1 118 1
1 119 1
1 120 1
1 121 1
1 122 1
1 123 1
1 124 1
1 125 11
1 126 1
1 127 1
1 128 2
1 129 1
1 130 1
1 131 2
1 132 2
1 133 1
1 134 1
1 135 2
1 136 1
1 137 1
1 138 3
1 139 1
1 140 1
1 141 2
1 142 1
1 143 5
1 144 1
1 145 1
1 146 1
1 147 1
1 148 1
1 149 2
1 150 2
1 151 1
1 152 1
1 153 1
1 154 1
1 155 1
1 156 1
1 157 2
1 158 1
1 159 2
1 160 1
1 161 1
1 162 3
1 163 1
1 164 4
1 165 2
1 166 2
1 167 1
1 168 2
1 169 1
1 170 1
1 171 2
1 172 1
1 173 2
1 174 1
1 175 3
1 176 1
1 177 2
1 178 1
1 179 1
1 180 1
1 181 2
1 182 1
1 183 1
1 184 1
1 185 1
1 186 1
1 187 1
1 188 8
1 189 3
1 190 3
1 191 1
1 192 3
1 193 1
1 194 2
1 195 2
1 196 1
1 197 3
1 198 1
1 199 1
1 200 1
1 201 1
1 202 1
1 203 4
1 204 1
1 205 3
1 206 1
1 207 1
1 208 2
1 209 4
1 210 1
1 211 1
1 212 1
1 213 1
1 214 1
1 215 2
1 216 5
1 217 1
1 218 1
1 219 2
1 220 1
