%%MatrixMarket matrix coordinate real general
1 168 168                                         
1 1 1
1 2 4
1 3 1
1 4 1
1 5 7
1 6 1
1 7 3
1 8 1
1 9 1
1 10 2
1 11 1
1 12 2
1 13 1
1 14 1
1 15 1
1 16 3
1 17 2
1 18 2
1 19 1
1 20 1
1 21 1
1 22 1
1 23 3
1 24 2
1 25 1
1 26 1
1 27 4
1 28 3
1 29 1
1 30 1
1 31 1
1 32 1
1 33 1
1 34 1
1 35 1
1 36 1
1 37 3
1 38 1
1 39 1
1 40 1
1 41 1
1 42 1
1 43 2
1 44 1
1 45 1
1 46 1
1 47 1
1 48 1
1 49 2
1 50 1
1 51 2
1 52 1
1 53 1
1 54 1
1 55 1
1 56 8
1 57 1
1 58 7
1 59 1
1 60 3
1 61 1
1 62 1
1 63 4
1 64 1
1 65 3
1 66 1
1 67 2
1 68 1
1 69 2
1 70 1
1 71 1
1 72 1
1 73 1
1 74 1
1 75 4
1 76 1
1 77 1
1 78 7
1 79 9
1 80 1
1 81 1
1 82 1
1 83 1
1 84 1
1 85 1
1 86 4
1 87 1
1 88 1
1 89 3
1 90 1
1 91 2
1 92 2
1 93 2
1 94 1
1 95 1
1 96 1
1 97 5
1 98 1
1 99 1
1 100 2
1 101 2
1 102 1
1 103 3
1 104 2
1 105 4
1 106 1
1 107 1
1 108 1
1 109 1
1 110 2
1 111 1
1 112 1
1 113 1
1 114 1
1 115 1
1 116 1
1 117 1
1 118 1
1 119 1
1 120 2
1 121 2
1 122 19
1 123 1
1 124 2
1 125 2
1 126 1
1 127 1
1 128 2
1 129 4
1 130 1
1 131 1
1 132 1
1 133 1
1 134 1
1 135 5
1 136 2
1 137 10
1 138 1
1 139 1
1 140 1
1 141 1
1 142 4
1 143 1
1 144 1
1 145 1
1 146 1
1 147 1
1 148 1
1 149 1
1 150 5
1 151 1
1 152 7
1 153 9
1 154 1
1 155 4
1 156 1
1 157 4
1 158 1
1 159 1
1 160 4
1 161 1
1 162 3
1 163 6
1 164 2
1 165 1
1 166 2
1 167 1
1 168 1
