%%MatrixMarket matrix coordinate real general
1 209 209                                         
1 1 1
1 2 1
1 3 1
1 4 1
1 5 2
1 6 1
1 7 1
1 8 1
1 9 3
1 10 1
1 11 17
1 12 3
1 13 2
1 14 1
1 15 1
1 16 1
1 17 2
1 18 1
1 19 2
1 20 1
1 21 1
1 22 1
1 23 1
1 24 1
1 25 2
1 26 1
1 27 1
1 28 2
1 29 4
1 30 2
1 31 1
1 32 4
1 33 1
1 34 2
1 35 1
1 36 1
1 37 2
1 38 1
1 39 1
1 40 1
1 41 1
1 42 5
1 43 1
1 44 1
1 45 1
1 46 2
1 47 1
1 48 1
1 49 2
1 50 1
1 51 2
1 52 3
1 53 1
1 54 2
1 55 1
1 56 1
1 57 4
1 58 3
1 59 1
1 60 1
1 61 1
1 62 1
1 63 1
1 64 1
1 65 1
1 66 1
1 67 1
1 68 2
1 69 3
1 70 1
1 71 1
1 72 2
1 73 1
1 74 1
1 75 2
1 76 2
1 77 1
1 78 1
1 79 1
1 80 2
1 81 2
1 82 1
1 83 2
1 84 1
1 85 1
1 86 1
1 87 1
1 88 1
1 89 1
1 90 1
1 91 1
1 92 1
1 93 2
1 94 3
1 95 3
1 96 1
1 97 1
1 98 1
1 99 1
1 100 5
1 101 2
1 102 1
1 103 3
1 104 1
1 105 1
1 106 2
1 107 1
1 108 1
1 109 2
1 110 1
1 111 1
1 112 1
1 113 1
1 114 1
1 115 2
1 116 1
1 117 1
1 118 1
1 119 1
1 120 1
1 121 2
1 122 1
1 123 1
1 124 1
1 125 1
1 126 1
1 127 1
1 128 1
1 129 2
1 130 1
1 131 2
1 132 1
1 133 2
1 134 2
1 135 1
1 136 6
1 137 1
1 138 1
1 139 2
1 140 3
1 141 1
1 142 3
1 143 1
1 144 1
1 145 1
1 146 8
1 147 1
1 148 1
1 149 1
1 150 1
1 151 3
1 152 1
1 153 1
1 154 3
1 155 5
1 156 2
1 157 3
1 158 40
1 159 1
1 160 2
1 161 2
1 162 1
1 163 4
1 164 1
1 165 1
1 166 2
1 167 1
1 168 1
1 169 1
1 170 1
1 171 1
1 172 1
1 173 1
1 174 1
1 175 1
1 176 1
1 177 1
1 178 1
1 179 1
1 180 4
1 181 1
1 182 3
1 183 1
1 184 2
1 185 2
1 186 1
1 187 1
1 188 1
1 189 4
1 190 2
1 191 1
1 192 1
1 193 4
1 194 1
1 195 3
1 196 6
1 197 1
1 198 1
1 199 1
1 200 6
1 201 3
1 202 1
1 203 4
1 204 1
1 205 1
1 206 1
1 207 1
1 208 1
1 209 1
