%%MatrixMarket matrix coordinate real general
1 69 69                                           
1 1 1
1 2 2
1 3 1
1 4 1
1 5 3
1 6 1
1 7 1
1 8 1
1 9 1
1 10 1
1 11 5
1 12 1
1 13 1
1 14 1
1 15 2
1 16 3
1 17 6
1 18 1
1 19 1
1 20 1
1 21 2
1 22 1
1 23 1
1 24 3
1 25 1
1 26 1
1 27 2
1 28 1
1 29 1
1 30 2
1 31 3
1 32 2
1 33 1
1 34 1
1 35 1
1 36 1
1 37 1
1 38 1
1 39 1
1 40 1
1 41 1
1 42 1
1 43 1
1 44 1
1 45 1
1 46 2
1 47 1
1 48 3
1 49 4
1 50 1
1 51 1
1 52 1
1 53 1
1 54 1
1 55 3
1 56 2
1 57 1
1 58 1
1 59 1
1 60 1
1 61 2
1 62 1
1 63 1
1 64 1
1 65 7
1 66 1
1 67 1
1 68 1
1 69 2
