%%MatrixMarket matrix coordinate real general
1 78 78                                           
1 1 1
1 2 4
1 3 1
1 4 2
1 5 3
1 6 1
1 7 1
1 8 3
1 9 2
1 10 4
1 11 3
1 12 1
1 13 1
1 14 2
1 15 1
1 16 1
1 17 1
1 18 1
1 19 1
1 20 1
1 21 2
1 22 2
1 23 1
1 24 5
1 25 1
1 26 1
1 27 1
1 28 3
1 29 1
1 30 4
1 31 1
1 32 1
1 33 1
1 34 1
1 35 1
1 36 1
1 37 1
1 38 1
1 39 1
1 40 1
1 41 1
1 42 2
1 43 1
1 44 5
1 45 1
1 46 1
1 47 1
1 48 1
1 49 1
1 50 1
1 51 1
1 52 1
1 53 3
1 54 1
1 55 3
1 56 1
1 57 1
1 58 1
1 59 4
1 60 1
1 61 2
1 62 1
1 63 1
1 64 1
1 65 1
1 66 2
1 67 1
1 68 3
1 69 3
1 70 1
1 71 1
1 72 1
1 73 1
1 74 1
1 75 1
1 76 1
1 77 3
1 78 1
