%%MatrixMarket matrix coordinate real general
1 189 189                                         
1 1 1
1 2 2
1 3 1
1 4 1
1 5 1
1 6 2
1 7 5
1 8 2
1 9 2
1 10 1
1 11 1
1 12 5
1 13 8
1 14 2
1 15 1
1 16 1
1 17 1
1 18 1
1 19 1
1 20 1
1 21 5
1 22 1
1 23 2
1 24 2
1 25 2
1 26 2
1 27 1
1 28 8
1 29 1
1 30 1
1 31 1
1 32 3
1 33 1
1 34 2
1 35 1
1 36 1
1 37 1
1 38 2
1 39 1
1 40 1
1 41 1
1 42 6
1 43 1
1 44 5
1 45 1
1 46 1
1 47 1
1 48 1
1 49 1
1 50 1
1 51 1
1 52 1
1 53 3
1 54 4
1 55 1
1 56 1
1 57 1
1 58 8
1 59 4
1 60 1
1 61 1
1 62 1
1 63 2
1 64 1
1 65 1
1 66 1
1 67 3
1 68 4
1 69 1
1 70 1
1 71 1
1 72 1
1 73 3
1 74 2
1 75 1
1 76 1
1 77 1
1 78 2
1 79 1
1 80 3
1 81 1
1 82 1
1 83 1
1 84 1
1 85 1
1 86 1
1 87 1
1 88 3
1 89 1
1 90 7
1 91 1
1 92 1
1 93 1
1 94 2
1 95 1
1 96 1
1 97 1
1 98 1
1 99 1
1 100 1
1 101 3
1 102 3
1 103 1
1 104 1
1 105 1
1 106 1
1 107 1
1 108 1
1 109 2
1 110 2
1 111 1
1 112 1
1 113 1
1 114 1
1 115 1
1 116 1
1 117 1
1 118 2
1 119 2
1 120 1
1 121 1
1 122 1
1 123 1
1 124 1
1 125 1
1 126 1
1 127 1
1 128 1
1 129 2
1 130 2
1 131 2
1 132 1
1 133 1
1 134 1
1 135 1
1 136 1
1 137 1
1 138 1
1 139 1
1 140 1
1 141 3
1 142 3
1 143 1
1 144 1
1 145 1
1 146 1
1 147 1
1 148 1
1 149 2
1 150 1
1 151 2
1 152 4
1 153 10
1 154 1
1 155 1
1 156 1
1 157 1
1 158 1
1 159 1
1 160 1
1 161 1
1 162 1
1 163 1
1 164 2
1 165 4
1 166 1
1 167 5
1 168 1
1 169 1
1 170 1
1 171 1
1 172 1
1 173 1
1 174 1
1 175 3
1 176 2
1 177 1
1 178 1
1 179 5
1 180 1
1 181 1
1 182 1
1 183 1
1 184 2
1 185 1
1 186 1
1 187 2
1 188 1
1 189 2
