%%MatrixMarket matrix coordinate real general
1 114 114                                         
1 1 1
1 2 4
1 3 1
1 4 1
1 5 1
1 6 1
1 7 8
1 8 1
1 9 1
1 10 4
1 11 2
1 12 2
1 13 1
1 14 3
1 15 1
1 16 1
1 17 1
1 18 1
1 19 1
1 20 1
1 21 1
1 22 1
1 23 1
1 24 1
1 25 1
1 26 1
1 27 1
1 28 1
1 29 1
1 30 1
1 31 2
1 32 1
1 33 1
1 34 1
1 35 15
1 36 2
1 37 2
1 38 2
1 39 1
1 40 1
1 41 2
1 42 1
1 43 1
1 44 1
1 45 5
1 46 3
1 47 1
1 48 3
1 49 1
1 50 4
1 51 6
1 52 1
1 53 4
1 54 6
1 55 2
1 56 2
1 57 2
1 58 2
1 59 3
1 60 1
1 61 1
1 62 1
1 63 1
1 64 1
1 65 1
1 66 2
1 67 1
1 68 1
1 69 4
1 70 3
1 71 5
1 72 1
1 73 1
1 74 1
1 75 1
1 76 3
1 77 2
1 78 1
1 79 1
1 80 4
1 81 1
1 82 1
1 83 1
1 84 1
1 85 2
1 86 1
1 87 1
1 88 1
1 89 1
1 90 2
1 91 1
1 92 1
1 93 5
1 94 3
1 95 4
1 96 5
1 97 1
1 98 1
1 99 1
1 100 5
1 101 1
1 102 1
1 103 3
1 104 1
1 105 1
1 106 1
1 107 1
1 108 1
1 109 2
1 110 1
1 111 2
1 112 1
1 113 1
1 114 1
