%%MatrixMarket matrix coordinate real general
1 271 271                                         
1 1 1
1 2 1
1 3 5
1 4 1
1 5 1
1 6 1
1 7 1
1 8 17
1 9 4
1 10 3
1 11 1
1 12 1
1 13 2
1 14 1
1 15 7
1 16 1
1 17 1
1 18 1
1 19 1
1 20 7
1 21 2
1 22 1
1 23 1
1 24 2
1 25 4
1 26 2
1 27 2
1 28 6
1 29 1
1 30 1
1 31 1
1 32 2
1 33 1
1 34 1
1 35 2
1 36 1
1 37 1
1 38 3
1 39 2
1 40 1
1 41 1
1 42 1
1 43 1
1 44 2
1 45 5
1 46 3
1 47 4
1 48 2
1 49 1
1 50 2
1 51 1
1 52 2
1 53 1
1 54 3
1 55 1
1 56 6
1 57 1
1 58 1
1 59 2
1 60 1
1 61 1
1 62 1
1 63 1
1 64 1
1 65 1
1 66 1
1 67 1
1 68 2
1 69 1
1 70 1
1 71 1
1 72 1
1 73 1
1 74 2
1 75 2
1 76 1
1 77 1
1 78 1
1 79 1
1 80 1
1 81 1
1 82 1
1 83 1
1 84 2
1 85 1
1 86 1
1 87 1
1 88 1
1 89 1
1 90 2
1 91 1
1 92 1
1 93 2
1 94 3
1 95 1
1 96 1
1 97 3
1 98 1
1 99 1
1 100 5
1 101 4
1 102 12
1 103 3
1 104 1
1 105 1
1 106 1
1 107 1
1 108 2
1 109 1
1 110 1
1 111 1
1 112 1
1 113 1
1 114 2
1 115 1
1 116 1
1 117 1
1 118 1
1 119 1
1 120 1
1 121 1
1 122 5
1 123 1
1 124 1
1 125 2
1 126 1
1 127 4
1 128 1
1 129 1
1 130 1
1 131 1
1 132 1
1 133 2
1 134 2
1 135 2
1 136 1
1 137 1
1 138 1
1 139 3
1 140 2
1 141 1
1 142 1
1 143 5
1 144 2
1 145 2
1 146 6
1 147 1
1 148 2
1 149 1
1 150 2
1 151 1
1 152 1
1 153 1
1 154 4
1 155 1
1 156 1
1 157 1
1 158 1
1 159 5
1 160 1
1 161 1
1 162 1
1 163 1
1 164 1
1 165 1
1 166 1
1 167 1
1 168 3
1 169 1
1 170 1
1 171 2
1 172 1
1 173 1
1 174 3
1 175 2
1 176 2
1 177 1
1 178 1
1 179 1
1 180 3
1 181 2
1 182 2
1 183 3
1 184 1
1 185 1
1 186 1
1 187 1
1 188 1
1 189 2
1 190 1
1 191 2
1 192 1
1 193 1
1 194 1
1 195 1
1 196 3
1 197 1
1 198 1
1 199 1
1 200 1
1 201 2
1 202 2
1 203 1
1 204 1
1 205 2
1 206 2
1 207 1
1 208 1
1 209 3
1 210 14
1 211 2
1 212 21
1 213 1
1 214 1
1 215 1
1 216 3
1 217 2
1 218 1
1 219 1
1 220 1
1 221 1
1 222 1
1 223 1
1 224 2
1 225 4
1 226 3
1 227 1
1 228 1
1 229 2
1 230 1
1 231 1
1 232 2
1 233 2
1 234 1
1 235 1
1 236 1
1 237 12
1 238 1
1 239 1
1 240 3
1 241 1
1 242 1
1 243 1
1 244 1
1 245 1
1 246 4
1 247 1
1 248 1
1 249 1
1 250 1
1 251 7
1 252 1
1 253 1
1 254 1
1 255 1
1 256 6
1 257 11
1 258 1
1 259 3
1 260 1
1 261 1
1 262 1
1 263 1
1 264 2
1 265 1
1 266 3
1 267 1
1 268 2
1 269 4
1 270 1
1 271 1
