%%MatrixMarket matrix coordinate real general
1 90 90                                           
1 1 1
1 2 1
1 3 1
1 4 1
1 5 1
1 6 1
1 7 2
1 8 1
1 9 1
1 10 1
1 11 1
1 12 4
1 13 1
1 14 1
1 15 1
1 16 1
1 17 1
1 18 1
1 19 2
1 20 1
1 21 1
1 22 1
1 23 1
1 24 1
1 25 1
1 26 1
1 27 1
1 28 1
1 29 1
1 30 1
1 31 8
1 32 1
1 33 4
1 34 1
1 35 3
1 36 1
1 37 1
1 38 1
1 39 2
1 40 2
1 41 1
1 42 1
1 43 1
1 44 1
1 45 1
1 46 1
1 47 1
1 48 1
1 49 1
1 50 5
1 51 2
1 52 1
1 53 1
1 54 1
1 55 2
1 56 1
1 57 4
1 58 1
1 59 1
1 60 1
1 61 3
1 62 1
1 63 1
1 64 2
1 65 1
1 66 1
1 67 2
1 68 1
1 69 1
1 70 1
1 71 2
1 72 4
1 73 1
1 74 1
1 75 1
1 76 1
1 77 1
1 78 1
1 79 4
1 80 1
1 81 2
1 82 1
1 83 1
1 84 1
1 85 1
1 86 5
1 87 1
1 88 1
1 89 4
1 90 1
