%%MatrixMarket matrix coordinate real general
1 115 115                                         
1 1 1
1 2 2
1 3 1
1 4 2
1 5 1
1 6 1
1 7 3
1 8 1
1 9 1
1 10 3
1 11 7
1 12 1
1 13 1
1 14 1
1 15 1
1 16 1
1 17 1
1 18 2
1 19 1
1 20 1
1 21 3
1 22 6
1 23 3
1 24 2
1 25 2
1 26 3
1 27 1
1 28 1
1 29 1
1 30 1
1 31 1
1 32 1
1 33 2
1 34 1
1 35 1
1 36 1
1 37 1
1 38 1
1 39 1
1 40 1
1 41 1
1 42 1
1 43 1
1 44 6
1 45 2
1 46 3
1 47 1
1 48 1
1 49 2
1 50 2
1 51 1
1 52 1
1 53 1
1 54 1
1 55 1
1 56 2
1 57 1
1 58 2
1 59 1
1 60 1
1 61 1
1 62 1
1 63 1
1 64 1
1 65 1
1 66 1
1 67 1
1 68 1
1 69 1
1 70 4
1 71 1
1 72 1
1 73 2
1 74 1
1 75 1
1 76 1
1 77 1
1 78 1
1 79 1
1 80 2
1 81 10
1 82 1
1 83 2
1 84 1
1 85 1
1 86 1
1 87 1
1 88 4
1 89 2
1 90 1
1 91 5
1 92 1
1 93 1
1 94 1
1 95 1
1 96 3
1 97 1
1 98 1
1 99 1
1 100 1
1 101 1
1 102 2
1 103 3
1 104 1
1 105 1
1 106 2
1 107 1
1 108 1
1 109 1
1 110 1
1 111 1
1 112 1
1 113 3
1 114 3
1 115 1
