%%MatrixMarket matrix coordinate real general
1 160 160                                         
1 1 4
1 2 4
1 3 1
1 4 2
1 5 12
1 6 3
1 7 1
1 8 2
1 9 1
1 10 1
1 11 2
1 12 33
1 13 1
1 14 1
1 15 1
1 16 1
1 17 1
1 18 1
1 19 2
1 20 1
1 21 1
1 22 1
1 23 1
1 24 3
1 25 1
1 26 3
1 27 1
1 28 1
1 29 1
1 30 1
1 31 1
1 32 5
1 33 1
1 34 2
1 35 1
1 36 20
1 37 2
1 38 1
1 39 1
1 40 2
1 41 1
1 42 4
1 43 2
1 44 1
1 45 2
1 46 2
1 47 1
1 48 1
1 49 13
1 50 3
1 51 7
1 52 1
1 53 1
1 54 1
1 55 2
1 56 1
1 57 1
1 58 1
1 59 5
1 60 1
1 61 3
1 62 2
1 63 2
1 64 1
1 65 1
1 66 2
1 67 2
1 68 1
1 69 1
1 70 1
1 71 1
1 72 1
1 73 2
1 74 1
1 75 8
1 76 2
1 77 3
1 78 1
1 79 1
1 80 2
1 81 1
1 82 1
1 83 1
1 84 1
1 85 1
1 86 1
1 87 1
1 88 1
1 89 1
1 90 1
1 91 1
1 92 1
1 93 1
1 94 1
1 95 1
1 96 1
1 97 3
1 98 5
1 99 1
1 100 1
1 101 2
1 102 1
1 103 1
1 104 1
1 105 1
1 106 7
1 107 1
1 108 10
1 109 1
1 110 2
1 111 1
1 112 1
1 113 3
1 114 1
1 115 3
1 116 1
1 117 1
1 118 4
1 119 1
1 120 2
1 121 1
1 122 1
1 123 1
1 124 1
1 125 1
1 126 1
1 127 1
1 128 1
1 129 3
1 130 4
1 131 1
1 132 14
1 133 1
1 134 1
1 135 1
1 136 2
1 137 1
1 138 1
1 139 1
1 140 1
1 141 1
1 142 1
1 143 2
1 144 4
1 145 1
1 146 3
1 147 1
1 148 8
1 149 1
1 150 1
1 151 1
1 152 2
1 153 5
1 154 1
1 155 1
1 156 3
1 157 1
1 158 1
1 159 1
1 160 1
