%%MatrixMarket matrix coordinate real general
1 82 82                                           
1 1 2
1 2 2
1 3 1
1 4 4
1 5 1
1 6 1
1 7 2
1 8 1
1 9 1
1 10 2
1 11 1
1 12 1
1 13 2
1 14 2
1 15 1
1 16 6
1 17 2
1 18 2
1 19 5
1 20 1
1 21 2
1 22 2
1 23 1
1 24 1
1 25 3
1 26 1
1 27 1
1 28 1
1 29 1
1 30 1
1 31 1
1 32 1
1 33 1
1 34 1
1 35 2
1 36 1
1 37 1
1 38 1
1 39 1
1 40 1
1 41 2
1 42 1
1 43 1
1 44 1
1 45 1
1 46 1
1 47 1
1 48 3
1 49 1
1 50 1
1 51 3
1 52 1
1 53 3
1 54 1
1 55 1
1 56 1
1 57 1
1 58 1
1 59 1
1 60 1
1 61 1
1 62 1
1 63 3
1 64 1
1 65 1
1 66 2
1 67 1
1 68 1
1 69 1
1 70 1
1 71 2
1 72 1
1 73 1
1 74 2
1 75 2
1 76 1
1 77 4
1 78 1
1 79 1
1 80 1
1 81 1
1 82 1
