%%MatrixMarket matrix coordinate real general
1 62 62                                           
1 1 3
1 2 1
1 3 2
1 4 1
1 5 1
1 6 2
1 7 1
1 8 1
1 9 5
1 10 1
1 11 1
1 12 1
1 13 1
1 14 1
1 15 3
1 16 2
1 17 9
1 18 1
1 19 1
1 20 1
1 21 1
1 22 3
1 23 3
1 24 1
1 25 4
1 26 1
1 27 1
1 28 1
1 29 1
1 30 2
1 31 1
1 32 1
1 33 1
1 34 1
1 35 1
1 36 1
1 37 1
1 38 1
1 39 3
1 40 1
1 41 1
1 42 5
1 43 1
1 44 2
1 45 1
1 46 1
1 47 2
1 48 1
1 49 1
1 50 4
1 51 1
1 52 1
1 53 1
1 54 1
1 55 1
1 56 1
1 57 1
1 58 2
1 59 1
1 60 5
1 61 3
1 62 1
