%%MatrixMarket matrix coordinate real general
1 183 183                                         
1 1 3
1 2 1
1 3 7
1 4 1
1 5 1
1 6 2
1 7 2
1 8 3
1 9 7
1 10 1
1 11 1
1 12 1
1 13 1
1 14 5
1 15 4
1 16 3
1 17 1
1 18 1
1 19 2
1 20 1
1 21 1
1 22 1
1 23 1
1 24 1
1 25 1
1 26 1
1 27 1
1 28 1
1 29 2
1 30 1
1 31 3
1 32 2
1 33 2
1 34 1
1 35 1
1 36 1
1 37 1
1 38 1
1 39 1
1 40 4
1 41 1
1 42 1
1 43 2
1 44 1
1 45 1
1 46 1
1 47 1
1 48 1
1 49 1
1 50 1
1 51 1
1 52 2
1 53 7
1 54 1
1 55 1
1 56 1
1 57 1
1 58 5
1 59 1
1 60 1
1 61 1
1 62 2
1 63 1
1 64 2
1 65 7
1 66 1
1 67 1
1 68 1
1 69 4
1 70 3
1 71 1
1 72 1
1 73 1
1 74 1
1 75 1
1 76 3
1 77 1
1 78 1
1 79 1
1 80 1
1 81 2
1 82 1
1 83 1
1 84 1
1 85 1
1 86 2
1 87 1
1 88 2
1 89 1
1 90 2
1 91 1
1 92 1
1 93 1
1 94 1
1 95 5
1 96 2
1 97 2
1 98 1
1 99 1
1 100 1
1 101 1
1 102 3
1 103 1
1 104 7
1 105 2
1 106 2
1 107 6
1 108 1
1 109 1
1 110 1
1 111 1
1 112 2
1 113 1
1 114 1
1 115 1
1 116 2
1 117 3
1 118 2
1 119 5
1 120 1
1 121 1
1 122 4
1 123 1
1 124 1
1 125 1
1 126 2
1 127 1
1 128 1
1 129 2
1 130 1
1 131 1
1 132 1
1 133 1
1 134 2
1 135 1
1 136 1
1 137 1
1 138 2
1 139 2
1 140 1
1 141 3
1 142 1
1 143 2
1 144 1
1 145 1
1 146 9
1 147 1
1 148 1
1 149 1
1 150 1
1 151 3
1 152 1
1 153 2
1 154 1
1 155 2
1 156 1
1 157 1
1 158 2
1 159 1
1 160 1
1 161 1
1 162 2
1 163 1
1 164 1
1 165 1
1 166 2
1 167 5
1 168 4
1 169 2
1 170 2
1 171 1
1 172 1
1 173 4
1 174 1
1 175 2
1 176 1
1 177 2
1 178 4
1 179 1
1 180 1
1 181 2
1 182 1
1 183 13
