%%MatrixMarket matrix coordinate real general
1 130 130                                         
1 1 5
1 2 2
1 3 1
1 4 7
1 5 2
1 6 2
1 7 1
1 8 2
1 9 1
1 10 1
1 11 5
1 12 1
1 13 4
1 14 1
1 15 1
1 16 1
1 17 3
1 18 1
1 19 1
1 20 1
1 21 1
1 22 1
1 23 1
1 24 1
1 25 1
1 26 1
1 27 1
1 28 1
1 29 1
1 30 1
1 31 2
1 32 1
1 33 1
1 34 1
1 35 1
1 36 1
1 37 1
1 38 1
1 39 1
1 40 1
1 41 5
1 42 1
1 43 1
1 44 6
1 45 1
1 46 1
1 47 1
1 48 1
1 49 1
1 50 1
1 51 2
1 52 1
1 53 3
1 54 1
1 55 1
1 56 1
1 57 2
1 58 1
1 59 2
1 60 1
1 61 1
1 62 1
1 63 1
1 64 1
1 65 1
1 66 1
1 67 1
1 68 1
1 69 1
1 70 1
1 71 1
1 72 2
1 73 1
1 74 1
1 75 6
1 76 1
1 77 1
1 78 1
1 79 2
1 80 6
1 81 3
1 82 3
1 83 1
1 84 1
1 85 29
1 86 1
1 87 1
1 88 2
1 89 1
1 90 1
1 91 1
1 92 2
1 93 1
1 94 2
1 95 1
1 96 1
1 97 3
1 98 1
1 99 2
1 100 2
1 101 1
1 102 7
1 103 1
1 104 1
1 105 1
1 106 9
1 107 1
1 108 1
1 109 1
1 110 1
1 111 1
1 112 1
1 113 2
1 114 1
1 115 1
1 116 1
1 117 2
1 118 3
1 119 1
1 120 2
1 121 1
1 122 6
1 123 1
1 124 2
1 125 1
1 126 3
1 127 2
1 128 1
1 129 2
1 130 1
