%%MatrixMarket matrix coordinate real general
1 67 67                                           
1 1 2
1 2 1
1 3 1
1 4 1
1 5 6
1 6 3
1 7 1
1 8 2
1 9 1
1 10 1
1 11 1
1 12 1
1 13 1
1 14 1
1 15 2
1 16 5
1 17 1
1 18 1
1 19 1
1 20 1
1 21 2
1 22 2
1 23 1
1 24 1
1 25 3
1 26 1
1 27 1
1 28 2
1 29 1
1 30 1
1 31 1
1 32 1
1 33 8
1 34 1
1 35 1
1 36 1
1 37 1
1 38 1
1 39 1
1 40 1
1 41 3
1 42 1
1 43 1
1 44 1
1 45 1
1 46 1
1 47 1
1 48 2
1 49 1
1 50 3
1 51 1
1 52 4
1 53 1
1 54 1
1 55 2
1 56 1
1 57 4
1 58 1
1 59 1
1 60 1
1 61 5
1 62 2
1 63 1
1 64 2
1 65 1
1 66 1
1 67 1
