%%MatrixMarket matrix coordinate real general
1 199 199                                         
1 1 3
1 2 1
1 3 1
1 4 4
1 5 1
1 6 1
1 7 1
1 8 4
1 9 1
1 10 1
1 11 3
1 12 1
1 13 1
1 14 1
1 15 1
1 16 3
1 17 10
1 18 3
1 19 2
1 20 1
1 21 3
1 22 1
1 23 1
1 24 11
1 25 1
1 26 5
1 27 1
1 28 2
1 29 1
1 30 1
1 31 1
1 32 4
1 33 1
1 34 2
1 35 2
1 36 1
1 37 1
1 38 1
1 39 3
1 40 1
1 41 2
1 42 1
1 43 1
1 44 1
1 45 1
1 46 1
1 47 1
1 48 1
1 49 2
1 50 1
1 51 3
1 52 1
1 53 1
1 54 1
1 55 3
1 56 1
1 57 1
1 58 1
1 59 1
1 60 1
1 61 1
1 62 1
1 63 2
1 64 1
1 65 2
1 66 1
1 67 2
1 68 1
1 69 2
1 70 1
1 71 1
1 72 1
1 73 1
1 74 1
1 75 11
1 76 1
1 77 3
1 78 1
1 79 2
1 80 2
1 81 1
1 82 1
1 83 1
1 84 1
1 85 1
1 86 1
1 87 1
1 88 1
1 89 2
1 90 1
1 91 1
1 92 1
1 93 2
1 94 1
1 95 1
1 96 2
1 97 1
1 98 1
1 99 1
1 100 1
1 101 4
1 102 5
1 103 1
1 104 2
1 105 1
1 106 6
1 107 1
1 108 2
1 109 1
1 110 2
1 111 1
1 112 1
1 113 2
1 114 2
1 115 5
1 116 2
1 117 3
1 118 6
1 119 1
1 120 1
1 121 1
1 122 1
1 123 1
1 124 1
1 125 2
1 126 1
1 127 5
1 128 1
1 129 1
1 130 42
1 131 1
1 132 1
1 133 2
1 134 10
1 135 6
1 136 1
1 137 1
1 138 2
1 139 1
1 140 1
1 141 1
1 142 1
1 143 1
1 144 1
1 145 1
1 146 1
1 147 1
1 148 2
1 149 2
1 150 1
1 151 1
1 152 2
1 153 1
1 154 1
1 155 1
1 156 1
1 157 1
1 158 1
1 159 1
1 160 1
1 161 1
1 162 1
1 163 1
1 164 2
1 165 1
1 166 5
1 167 1
1 168 1
1 169 1
1 170 1
1 171 1
1 172 1
1 173 7
1 174 2
1 175 1
1 176 1
1 177 1
1 178 4
1 179 2
1 180 1
1 181 1
1 182 1
1 183 1
1 184 4
1 185 1
1 186 2
1 187 4
1 188 11
1 189 1
1 190 1
1 191 1
1 192 1
1 193 1
1 194 1
1 195 1
1 196 1
1 197 1
1 198 1
1 199 2
