%%MatrixMarket matrix coordinate real general
1 223 223                                         
1 1 5
1 2 1
1 3 1
1 4 1
1 5 1
1 6 1
1 7 1
1 8 1
1 9 2
1 10 2
1 11 3
1 12 1
1 13 2
1 14 4
1 15 1
1 16 1
1 17 1
1 18 9
1 19 9
1 20 3
1 21 1
1 22 1
1 23 1
1 24 2
1 25 1
1 26 1
1 27 9
1 28 2
1 29 1
1 30 1
1 31 1
1 32 1
1 33 6
1 34 3
1 35 1
1 36 3
1 37 2
1 38 3
1 39 1
1 40 1
1 41 4
1 42 1
1 43 1
1 44 2
1 45 3
1 46 2
1 47 1
1 48 2
1 49 2
1 50 3
1 51 1
1 52 1
1 53 1
1 54 1
1 55 3
1 56 2
1 57 1
1 58 1
1 59 1
1 60 1
1 61 4
1 62 1
1 63 1
1 64 10
1 65 2
1 66 2
1 67 6
1 68 2
1 69 1
1 70 1
1 71 7
1 72 1
1 73 1
1 74 5
1 75 1
1 76 2
1 77 1
1 78 1
1 79 1
1 80 1
1 81 1
1 82 1
1 83 1
1 84 1
1 85 1
1 86 2
1 87 1
1 88 1
1 89 1
1 90 1
1 91 1
1 92 1
1 93 1
1 94 2
1 95 1
1 96 1
1 97 1
1 98 8
1 99 1
1 100 3
1 101 1
1 102 1
1 103 1
1 104 1
1 105 3
1 106 4
1 107 11
1 108 3
1 109 5
1 110 1
1 111 1
1 112 1
1 113 3
1 114 1
1 115 5
1 116 1
1 117 2
1 118 1
1 119 1
1 120 1
1 121 2
1 122 3
1 123 1
1 124 3
1 125 1
1 126 1
1 127 1
1 128 10
1 129 1
1 130 1
1 131 1
1 132 3
1 133 1
1 134 4
1 135 1
1 136 2
1 137 7
1 138 1
1 139 1
1 140 1
1 141 2
1 142 1
1 143 1
1 144 1
1 145 3
1 146 2
1 147 1
1 148 1
1 149 1
1 150 3
1 151 2
1 152 6
1 153 1
1 154 6
1 155 2
1 156 1
1 157 1
1 158 1
1 159 5
1 160 1
1 161 2
1 162 1
1 163 4
1 164 1
1 165 1
1 166 3
1 167 1
1 168 1
1 169 1
1 170 1
1 171 1
1 172 1
1 173 1
1 174 1
1 175 16
1 176 1
1 177 2
1 178 1
1 179 3
1 180 1
1 181 1
1 182 1
1 183 1
1 184 1
1 185 1
1 186 1
1 187 1
1 188 1
1 189 1
1 190 2
1 191 1
1 192 1
1 193 1
1 194 1
1 195 2
1 196 6
1 197 2
1 198 7
1 199 5
1 200 1
1 201 1
1 202 1
1 203 1
1 204 2
1 205 2
1 206 2
1 207 1
1 208 1
1 209 6
1 210 6
1 211 1
1 212 4
1 213 2
1 214 3
1 215 5
1 216 6
1 217 1
1 218 6
1 219 6
1 220 2
1 221 1
1 222 2
1 223 2
