%%MatrixMarket matrix coordinate real general
23 516 1103                                       
1 1 1
1 2 1
1 3 1
1 4 1
1 5 1
1 6 1
1 7 1
1 8 1
1 9 1
1 10 1
1 11 1
1 12 1
1 13 1
1 14 2
1 15 1
1 16 1
1 17 1
1 18 1
1 19 1
1 20 3
1 21 1
1 22 1
1 23 1
1 24 1
1 25 1
1 26 1
1 27 1
1 28 2
1 29 1
1 30 1
1 31 1
1 32 3
1 33 1
1 34 2
1 35 1
1 36 1
1 37 1
1 38 1
1 39 1
1 40 1
1 41 1
1 42 1
1 43 1
1 44 2
1 45 1
1 46 1
1 47 1
1 48 1
1 49 1
1 50 1
1 51 2
1 52 1
1 53 1
1 54 1
1 55 1
1 56 3
1 57 1
2 4 1
2 5 1
2 13 1
2 17 1
2 18 1
2 25 1
2 27 3
2 29 2
2 30 1
2 34 1
2 46 3
2 51 1
2 53 4
2 54 5
2 55 2
2 58 1
2 59 1
2 60 1
2 61 1
2 62 1
2 63 1
2 64 1
2 65 1
2 66 1
2 67 1
2 68 3
2 69 3
2 70 1
2 71 1
2 72 1
2 73 3
2 74 1
2 75 1
2 76 1
2 77 1
2 78 1
2 79 1
2 80 1
2 81 1
2 82 1
2 83 1
2 84 1
2 85 1
2 86 1
2 87 1
2 88 1
2 89 1
2 90 1
2 91 1
2 92 1
2 93 1
2 94 1
2 95 1
2 96 1
2 97 1
2 98 1
2 99 1
2 100 1
2 101 2
2 102 1
2 103 1
2 104 2
2 105 1
2 106 2
2 107 1
2 108 1
2 109 2
2 110 2
2 111 1
2 112 1
2 113 1
2 114 1
2 115 1
2 116 1
2 117 1
2 118 1
2 119 1
2 120 4
2 121 2
2 122 1
2 123 1
2 124 1
2 125 1
2 126 1
2 127 1
2 128 2
2 129 1
2 130 1
2 131 1
2 132 1
2 133 2
2 134 1
2 135 2
3 5 3
3 9 1
3 13 2
3 14 1
3 18 2
3 20 3
3 27 5
3 34 1
3 38 1
3 44 1
3 46 2
3 47 1
3 53 2
3 55 2
3 56 1
3 60 1
3 62 1
3 109 1
3 115 1
3 119 1
3 128 1
3 133 1
3 136 1
3 137 1
3 138 1
3 139 1
3 140 1
3 141 1
3 142 2
3 143 2
3 144 1
3 145 1
3 146 2
3 147 1
3 148 1
3 149 1
3 150 1
3 151 2
3 152 1
3 153 1
3 154 1
3 155 1
3 156 2
3 157 1
3 158 1
3 159 1
3 160 1
3 161 1
3 162 1
3 163 1
3 164 1
3 165 1
3 166 1
3 167 1
3 168 1
3 169 1
3 170 1
3 171 1
3 172 1
3 173 2
3 174 1
4 6 1
4 27 1
4 29 1
4 54 4
4 55 1
4 106 1
4 164 1
4 166 1
4 171 2
4 175 1
4 176 1
4 177 1
4 178 1
4 179 1
4 180 1
4 181 1
4 182 1
4 183 3
4 184 1
4 185 1
4 186 2
4 187 1
4 188 2
4 189 1
4 190 1
4 191 1
4 192 1
4 193 1
4 194 1
4 195 2
4 196 1
5 4 1
5 54 3
5 60 1
5 105 1
5 164 1
5 171 1
5 185 1
5 189 1
5 191 1
5 197 1
5 198 1
5 199 3
5 200 1
5 201 1
5 202 1
5 203 1
5 204 1
5 205 1
5 206 1
5 207 1
5 208 1
5 209 1
5 210 1
5 211 1
6 2 2
6 5 1
6 29 1
6 46 1
6 54 1
6 166 1
6 169 1
6 197 1
6 212 1
6 213 1
6 214 1
6 215 3
6 216 1
6 217 1
6 218 2
6 219 1
6 220 1
6 221 1
6 222 1
6 223 1
6 224 2
6 225 1
6 226 1
6 227 1
6 228 1
6 229 1
6 230 2
6 231 1
7 27 2
7 46 1
7 54 4
7 60 1
7 120 1
7 166 1
7 169 1
7 179 1
7 183 1
7 185 5
7 187 1
7 191 4
7 200 3
7 207 1
7 213 1
7 228 1
7 229 1
7 232 1
7 233 1
7 234 1
7 235 1
7 236 1
7 237 1
7 238 1
7 239 2
8 5 2
8 14 2
8 18 2
8 20 5
8 21 1
8 27 5
8 29 1
8 34 1
8 44 3
8 47 2
8 50 1
8 53 2
8 54 2
8 56 1
8 58 1
8 66 1
8 111 1
8 119 1
8 125 3
8 133 1
8 142 6
8 143 2
8 146 2
8 147 1
8 151 1
8 152 1
8 156 2
8 159 1
8 166 1
8 171 11
8 172 1
8 173 2
8 179 1
8 182 2
8 188 3
8 202 1
8 240 1
8 241 1
8 242 2
8 243 2
8 244 1
8 245 1
8 246 1
8 247 1
8 248 1
8 249 2
8 250 1
8 251 1
8 252 1
8 253 1
8 254 1
8 255 1
8 256 1
8 257 1
8 258 1
8 259 1
8 260 2
8 261 1
8 262 1
8 263 1
8 264 1
8 265 1
8 266 1
8 267 1
8 268 1
8 269 1
8 270 4
8 271 1
8 272 1
8 273 1
8 274 1
8 275 1
8 276 1
8 277 1
8 278 2
8 279 1
8 280 1
8 281 1
8 282 1
8 283 1
8 284 1
8 285 1
8 286 2
8 287 1
8 288 1
9 5 2
9 6 1
9 12 5
9 20 6
9 27 2
9 54 8
9 171 3
9 200 1
9 209 1
9 225 1
9 229 1
9 243 1
9 253 1
9 260 2
9 265 1
9 266 1
9 271 1
9 289 1
9 290 1
9 291 1
9 292 1
9 293 1
9 294 1
9 295 1
9 296 1
9 297 1
9 298 1
9 299 1
9 300 2
9 301 2
9 302 1
9 303 1
9 304 1
9 305 1
9 306 1
9 307 1
9 308 1
9 309 1
9 310 1
9 311 1
10 5 1
10 12 1
10 20 5
10 51 8
10 53 1
10 54 9
10 171 2
10 197 2
10 200 1
10 209 2
10 211 1
10 213 2
10 221 1
10 225 1
10 260 1
10 266 1
10 270 3
10 278 1
10 289 1
10 290 1
10 291 1
10 292 1
10 297 1
10 299 1
10 300 2
10 306 1
10 307 1
10 308 1
10 309 1
10 310 1
10 312 2
10 313 1
10 314 1
10 315 2
10 316 1
11 5 1
11 18 1
11 20 4
11 26 3
11 27 1
11 28 4
11 44 6
11 50 1
11 54 6
11 97 2
11 171 3
11 173 1
11 189 2
11 200 2
11 213 2
11 225 1
11 239 1
11 246 1
11 260 1
11 266 1
11 270 1
11 278 1
11 289 1
11 290 1
11 291 1
11 292 1
11 294 2
11 296 1
11 297 1
11 299 1
11 300 2
11 306 1
11 307 1
11 308 1
11 309 1
11 310 1
11 311 1
11 312 1
11 315 1
11 317 2
11 318 1
11 319 1
11 320 1
11 321 1
11 322 1
11 323 1
11 324 1
12 2 3
12 12 1
12 20 5
12 28 2
12 29 1
12 44 2
12 46 1
12 48 1
12 54 6
12 120 1
12 144 2
12 171 3
12 172 1
12 179 1
12 189 1
12 197 8
12 200 1
12 213 1
12 221 1
12 224 4
12 225 1
12 231 1
12 253 1
12 260 1
12 265 1
12 266 1
12 270 2
12 289 1
12 290 1
12 291 1
12 292 1
12 297 1
12 299 1
12 300 2
12 301 1
12 303 1
12 306 1
12 307 1
12 309 1
12 317 1
12 325 2
12 326 1
12 327 1
12 328 1
12 329 1
12 330 2
12 331 1
12 332 1
12 333 1
12 334 1
12 335 1
12 336 1
12 337 1
12 338 1
13 5 1
13 11 1
13 20 1
13 27 1
13 28 4
13 44 6
13 46 1
13 52 8
13 54 5
13 171 4
13 173 1
13 200 2
13 213 2
13 225 1
13 260 2
13 266 1
13 270 1
13 278 1
13 286 2
13 289 1
13 290 1
13 291 1
13 292 1
13 293 1
13 297 1
13 299 1
13 300 2
13 306 1
13 307 1
13 309 1
13 312 1
13 316 1
13 319 1
13 322 1
13 329 1
13 337 1
13 339 1
13 340 1
13 341 1
13 342 3
13 343 1
14 5 1
14 12 1
14 20 5
14 27 1
14 40 2
14 51 7
14 54 6
14 171 2
14 173 1
14 189 1
14 200 1
14 209 2
14 213 2
14 225 1
14 260 1
14 266 1
14 278 1
14 289 1
14 290 1
14 291 1
14 292 1
14 297 1
14 300 2
14 304 1
14 306 1
14 307 1
14 310 1
14 311 1
14 312 2
14 315 1
14 344 1
14 345 1
14 346 1
14 347 1
15 5 1
15 9 1
15 18 1
15 20 3
15 27 1
15 44 1
15 54 1
15 130 1
15 168 1
15 226 2
15 231 1
15 240 1
15 251 1
15 297 1
15 348 1
15 349 1
15 350 1
15 351 1
15 352 1
15 353 2
15 354 1
15 355 1
15 356 1
15 357 2
15 358 2
15 359 1
15 360 1
15 361 1
15 362 1
15 363 1
15 364 1
15 365 1
15 366 1
15 367 1
15 368 1
15 369 2
15 370 1
15 371 1
15 372 1
15 373 1
15 374 1
15 375 1
15 376 1
15 377 1
15 378 1
15 379 2
15 380 1
15 381 1
16 5 3
16 9 1
16 14 1
16 18 7
16 20 2
16 25 1
16 27 2
16 34 1
16 44 3
16 46 1
16 53 1
16 119 1
16 122 1
16 130 1
16 197 2
16 226 1
16 231 3
16 248 1
16 251 2
16 277 1
16 286 2
16 293 2
16 296 1
16 298 1
16 320 1
16 348 1
16 352 1
16 353 2
16 354 2
16 356 1
16 357 2
16 370 1
16 375 2
16 379 2
16 380 1
16 382 1
16 383 1
16 384 1
16 385 2
16 386 1
16 387 1
16 388 1
16 389 1
16 390 1
16 391 1
16 392 1
16 393 2
16 394 1
16 395 2
16 396 1
16 397 1
16 398 1
16 399 1
16 400 1
16 401 1
16 402 1
16 403 1
16 404 1
16 405 1
16 406 1
16 407 1
16 408 1
16 409 1
16 410 1
16 411 1
16 412 1
16 413 1
16 414 1
16 415 4
16 416 1
16 417 1
17 1 1
17 5 4
17 18 6
17 20 2
17 23 1
17 27 4
17 29 1
17 44 1
17 54 2
17 55 1
17 66 1
17 73 3
17 120 2
17 130 1
17 168 2
17 173 1
17 174 1
17 179 1
17 187 2
17 197 3
17 231 1
17 249 3
17 250 1
17 253 1
17 277 1
17 283 1
17 286 1
17 293 5
17 329 1
17 345 1
17 353 2
17 354 3
17 356 1
17 365 2
17 371 1
17 375 1
17 397 1
17 399 1
17 404 2
17 415 2
17 418 1
17 419 1
17 420 1
17 421 1
17 422 1
17 423 2
17 424 1
17 425 1
17 426 2
17 427 1
17 428 1
17 429 1
17 430 1
17 431 2
18 2 2
18 5 3
18 9 1
18 20 8
18 27 2
18 28 1
18 29 1
18 34 1
18 44 2
18 46 1
18 51 2
18 52 2
18 54 6
18 55 2
18 60 2
18 73 1
18 86 5
18 99 2
18 102 1
18 104 1
18 106 1
18 120 1
18 128 1
18 171 1
18 185 3
18 193 2
18 200 1
18 209 3
18 213 3
18 229 2
18 239 1
18 250 4
18 251 1
18 266 2
18 268 1
18 277 1
18 279 1
18 280 1
18 281 1
18 283 1
18 286 2
18 296 1
18 297 2
18 298 1
18 316 1
18 319 1
18 324 1
18 375 1
18 395 1
18 403 1
18 432 1
18 433 1
18 434 1
18 435 4
18 436 1
18 437 1
18 438 1
18 439 2
18 440 1
18 441 1
18 442 1
18 443 1
18 444 1
18 445 1
18 446 1
18 447 1
19 2 1
19 12 2
19 20 4
19 23 1
19 26 1
19 28 3
19 44 3
19 48 1
19 51 3
19 52 2
19 54 1
19 102 1
19 171 1
19 185 2
19 197 1
19 224 1
19 253 2
19 294 1
19 346 1
19 448 1
19 449 1
19 450 2
20 2 4
20 5 3
20 6 1
20 20 2
20 34 1
20 40 1
20 46 1
20 53 2
20 55 1
20 60 2
20 73 1
20 99 1
20 104 1
20 116 1
20 119 4
20 140 1
20 143 3
20 148 3
20 150 1
20 159 1
20 164 1
20 171 2
20 197 1
20 213 2
20 215 1
20 230 1
20 249 1
20 251 1
20 262 1
20 266 3
20 277 4
20 308 1
20 325 1
20 347 1
20 365 1
20 420 1
20 444 1
20 448 1
20 451 1
20 452 1
20 453 1
20 454 1
20 455 1
20 456 1
20 457 1
20 458 1
20 459 1
20 460 1
20 461 1
20 462 1
20 463 1
20 464 1
20 465 3
20 466 1
20 467 1
20 468 1
20 469 2
20 470 1
20 471 2
20 472 1
20 473 1
20 474 3
20 475 1
21 23 1
21 25 1
21 46 1
21 119 1
21 169 1
21 265 1
21 286 1
21 476 2
21 477 2
21 478 1
21 479 1
21 480 2
21 481 1
22 18 1
22 23 1
22 27 1
22 46 1
22 86 1
22 102 1
22 103 1
22 104 5
22 119 3
22 146 4
22 147 1
22 149 2
22 154 2
22 164 3
22 171 1
22 188 2
22 232 1
22 235 1
22 243 1
22 272 1
22 283 1
22 308 1
22 325 1
22 329 1
22 341 1
22 420 1
22 422 2
22 434 1
22 448 1
22 453 1
22 458 2
22 464 2
22 466 1
22 482 1
22 483 1
22 484 1
22 485 1
22 486 2
22 487 2
22 488 1
22 489 1
22 490 1
22 491 1
22 492 1
22 493 1
22 494 1
22 495 1
22 496 1
22 497 1
22 498 1
22 499 1
22 500 1
22 501 3
22 502 1
22 503 1
22 504 1
23 6 3
23 9 1
23 15 1
23 21 1
23 25 1
23 27 1
23 46 3
23 72 1
23 77 1
23 86 1
23 98 1
23 101 1
23 111 1
23 115 2
23 119 3
23 142 1
23 145 1
23 146 2
23 148 1
23 149 3
23 171 1
23 178 1
23 179 1
23 188 1
23 202 1
23 221 1
23 243 1
23 260 1
23 266 1
23 272 1
23 278 1
23 297 1
23 301 1
23 333 1
23 352 1
23 400 1
23 436 1
23 442 1
23 459 1
23 465 2
23 466 1
23 472 1
23 503 1
23 505 1
23 506 1
23 507 1
23 508 1
23 509 1
23 510 1
23 511 1
23 512 1
23 513 1
23 514 1
23 515 1
23 516 1
