%%MatrixMarket matrix coordinate real general
9 260 496                                         
1 1 1
1 2 1
1 3 1
1 4 1
1 5 1
1 6 3
1 7 1
1 8 1
1 9 1
1 10 1
1 11 2
1 12 1
1 13 3
1 14 1
1 15 1
1 16 1
1 17 1
1 18 1
1 19 1
1 20 1
1 21 1
1 22 1
1 23 2
1 24 1
1 25 1
1 26 1
1 27 1
1 28 1
1 29 1
1 30 1
1 31 3
1 32 4
1 33 1
1 34 1
1 35 2
1 36 1
1 37 3
1 38 1
1 39 6
1 40 1
1 41 1
1 42 1
1 43 1
1 44 1
1 45 2
2 4 2
2 16 1
2 26 1
2 35 1
2 39 3
2 46 1
2 47 1
2 48 1
2 49 1
2 50 1
2 51 1
2 52 1
2 53 1
2 54 1
2 55 1
2 56 2
2 57 1
2 58 1
2 59 1
2 60 1
2 61 1
2 62 1
2 63 1
2 64 1
2 65 2
2 66 2
2 67 1
2 68 1
2 69 4
3 3 2
3 6 1
3 13 1
3 16 7
3 17 12
3 20 1
3 23 2
3 26 1
3 32 3
3 34 1
3 39 1
3 43 4
3 44 3
3 45 1
3 46 4
3 51 1
3 60 1
3 62 1
3 65 1
3 69 1
3 70 1
3 71 2
3 72 1
3 73 3
3 74 2
3 75 1
3 76 1
3 77 4
3 78 1
3 79 1
3 80 1
3 81 1
3 82 1
3 83 5
3 84 1
3 85 1
3 86 1
3 87 1
3 88 2
3 89 1
3 90 1
3 91 1
3 92 2
3 93 1
3 94 1
3 95 2
3 96 2
3 97 1
3 98 6
3 99 1
3 100 2
3 101 1
3 102 3
3 103 1
3 104 2
3 105 2
3 106 1
3 107 3
3 108 2
3 109 6
3 110 1
3 111 1
3 112 1
3 113 1
3 114 2
3 115 1
3 116 2
3 117 1
3 118 2
3 119 5
3 120 1
3 121 1
4 1 1
4 3 1
4 5 1
4 6 3
4 7 1
4 16 2
4 17 1
4 20 1
4 21 1
4 22 1
4 23 2
4 24 1
4 26 1
4 31 2
4 32 8
4 35 1
4 37 1
4 38 3
4 39 5
4 43 3
4 44 2
4 45 2
4 46 1
4 57 1
4 65 2
4 74 1
4 77 1
4 83 1
4 93 1
4 99 3
4 105 1
4 108 1
4 120 1
4 122 1
4 123 1
4 124 1
4 125 1
4 126 1
4 127 1
4 128 1
4 129 1
4 130 1
4 131 1
4 132 1
4 133 1
4 134 1
4 135 1
4 136 1
4 137 1
4 138 1
4 139 1
4 140 1
4 141 1
4 142 1
4 143 1
4 144 1
4 145 1
4 146 1
4 147 1
4 148 1
4 149 1
4 150 1
5 6 1
5 7 1
5 11 4
5 16 3
5 21 1
5 23 3
5 26 1
5 30 2
5 32 2
5 35 3
5 37 1
5 38 1
5 39 2
5 43 2
5 44 1
5 45 1
5 46 1
5 55 1
5 59 8
5 62 1
5 65 8
5 72 1
5 74 1
5 75 2
5 77 2
5 80 2
5 83 1
5 93 1
5 98 3
5 99 1
5 103 2
5 105 1
5 113 1
5 119 2
5 120 3
5 150 1
5 151 1
5 152 1
5 153 1
5 154 1
5 155 1
5 156 1
5 157 1
5 158 1
5 159 1
5 160 1
5 161 3
5 162 1
5 163 2
5 164 1
5 165 1
6 3 1
6 6 1
6 14 1
6 16 3
6 26 1
6 30 1
6 32 3
6 34 1
6 37 1
6 39 3
6 42 1
6 43 5
6 45 1
6 46 2
6 59 1
6 62 1
6 65 6
6 70 1
6 71 3
6 73 1
6 75 1
6 77 1
6 80 3
6 81 1
6 87 1
6 88 1
6 96 1
6 99 2
6 100 1
6 103 1
6 104 1
6 105 1
6 108 1
6 115 1
6 116 1
6 119 3
6 121 1
6 122 1
6 131 1
6 145 1
6 153 3
6 158 1
6 159 1
6 166 1
6 167 2
6 168 1
6 169 1
6 170 1
6 171 1
6 172 1
6 173 2
6 174 1
6 175 1
6 176 1
6 177 1
6 178 1
6 179 1
6 180 1
6 181 1
6 182 2
6 183 2
6 184 2
6 185 1
6 186 1
6 187 1
6 188 1
6 189 3
6 190 1
6 191 1
6 192 1
6 193 1
7 7 1
7 10 1
7 11 1
7 17 2
7 23 3
7 26 1
7 27 2
7 32 2
7 38 4
7 39 1
7 42 1
7 43 2
7 46 1
7 62 1
7 65 5
7 74 1
7 75 1
7 88 2
7 91 2
7 98 5
7 99 3
7 100 1
7 119 2
7 120 2
7 136 1
7 153 1
7 157 2
7 168 1
7 176 5
7 180 2
7 189 2
7 191 1
7 194 1
7 195 1
7 196 1
7 197 1
7 198 1
7 199 1
7 200 1
7 201 1
7 202 1
7 203 2
7 204 1
7 205 1
7 206 1
7 207 2
7 208 1
7 209 1
7 210 2
7 211 1
7 212 1
7 213 1
7 214 2
7 215 2
7 216 1
7 217 1
7 218 1
7 219 2
7 220 1
7 221 1
8 11 1
8 15 3
8 16 3
8 17 1
8 20 2
8 26 1
8 30 1
8 37 1
8 39 2
8 62 3
8 65 7
8 70 2
8 71 1
8 79 1
8 98 2
8 100 2
8 102 2
8 106 1
8 119 5
8 123 2
8 141 1
8 146 1
8 153 5
8 157 2
8 158 3
8 168 1
8 172 1
8 175 1
8 177 1
8 180 1
8 182 1
8 191 1
8 203 2
8 211 2
8 213 2
8 214 2
8 222 1
8 223 2
8 224 1
8 225 1
8 226 1
8 227 1
8 228 1
8 229 2
8 230 1
8 231 1
8 232 1
8 233 2
8 234 1
8 235 1
9 10 1
9 13 3
9 16 4
9 17 1
9 18 1
9 23 1
9 26 1
9 30 3
9 32 4
9 35 5
9 38 1
9 39 1
9 42 3
9 43 1
9 64 1
9 65 2
9 75 1
9 97 1
9 98 1
9 119 2
9 120 1
9 130 2
9 145 1
9 146 3
9 150 1
9 153 7
9 158 3
9 168 1
9 187 1
9 216 1
9 221 1
9 236 1
9 237 1
9 238 1
9 239 3
9 240 1
9 241 1
9 242 1
9 243 1
9 244 1
9 245 3
9 246 1
9 247 1
9 248 1
9 249 1
9 250 1
9 251 1
9 252 1
9 253 1
9 254 1
9 255 1
9 256 1
9 257 1
9 258 1
9 259 1
9 260 1
